public/wind/gfs.t18z.pgrb2.1p00.f000.json
{"header": { "discipline":0, "disciplineName":"Meteorological products", "gribEdition":2, "gribLength":24886, "center":7, "centerName":"US National Weather Service - NCEP(WMC)", "subcenter":0, "refTime":"2021-05-05T18:00:00.000Z", "significanceOfRT":1, "significanceOfRTName":"Start of forecast", "productStatus":0, "productStatusName":"Operational products", "productType":1, "productTypeName":"Forecast products", "productDefinitionTemplate":0, "productDefinitionTemplateName":"Analysis/forecast at horizontal level/layer at a point in time", "parameterCategory":2, "parameterCategoryName":"Momentum", "parameterNumber":3, "parameterNumberName":"V-component_of_wind", "parameterUnit":"m.s-1", "genProcessType":2, "genProcessTypeName":"Forecast", "forecastTime":0, "surface1Type":103, "surface1TypeName":"Specified height level above ground", "surface1Value":10.0, "surface2Type":255, "surface2TypeName":"Missing", "surface2Value":0.0, "gridDefinitionTemplate":0, "gridDefinitionTemplateName":"Latitude_Longitude", "numberPoints":16471, "shape":6, "shapeName":"Earth spherical with radius of 6,371,229.0 m", "gridUnits":"degrees", "resolution":48, "winds":"true", "scanMode":64, "nx":181, "ny":91, "basicAngle":0, "lo1":0.0, "la1":0.0, "lo2":180.0, "la2":90.0, "dx":1.0, "dy":1.0 }, "data":
[rows 52 to 77 of 91, columns 120 to 179 of 181]
-0.95437986,0.08562012,-0.22437988,-0.8343799,-0.7943799,-0.8743799,-2.6343799,-1.6843799,-1.6343799,-2.9043798,-2.9243798,-3.06438,-0.3843799,0.7256201,0.035620116,-1.2643799,-3.05438,-2.08438,-1.4443799,-0.9343799,-1.5543799,-1.5843799,3.0356202,5.4556203,6.81562,5.52562,5.78562,4.4156203,5.1656203,4.3956203,3.91562,3.39562,1.1756201,-2.11438,-3.28438,-3.26438,-1.2843798,1.0156201,-2.32438,2.2656202,3.72562,1.4656202,-5.5243797,-9.31438,-13.21438,-13.46438,-13.33438,-10.17438,-8.52438,-5.0043797,-4.5643797,-1.3743799,-0.49437988,0.3356201,-1.1543798,1.5256201,-1.6343799,-1.9143798,0.9656201,0.41562012
-0.4843799,-0.31437987,0.09562012,-0.2943799,-1.0843799,-0.9643799,-1.8643799,-1.5043799,-1.2243799,-0.8643799,-2.79438,-1.6343799,-2.84438,-1.2043799,-0.7143799,-1.6543798,-2.75438,-0.94437987,-1.5343798,-0.4243799,-1.1943799,0.6856201,3.64562,4.76562,6.59562,4.19562,4.3956203,4.7456203,4.28562,4.02562,3.24562,1.6756201,-1.3543799,-3.24438,-4.55438,-4.65438,-0.6843799,-0.5543799,0.045620117,-0.5943799,3.89562,3.50562,-5.64438,-9.54438,-13.13438,-14.17438,-14.06438,-11.44438,-8.77438,-9.13438,-7.95438,-2.4243798,3.41562,2.43562,3.7856202,4.26562,3.2956202,1.7456201,-0.57437986,1.0856202
-1.3343799,-1.2743798,-0.88437986,-0.63437986,-1.0343798,-0.8143799,-1.5843799,-1.4143798,-1.8143799,0.045620117,0.035620116,0.9356201,0.6456201,-3.99438,-1.7043799,-1.3543799,-1.4943799,-4.98438,-1.0943799,-0.104379885,1.2656201,3.66562,4.1856203,1.9356201,4.10562,4.30562,4.73562,4.15562,4.00562,3.95562,0.9056201,-0.13437988,-2.09438,-4.34438,-5.94438,-7.0443797,-2.79438,1.0556201,1.1456201,-0.14437988,-1.5343798,4.21562,-2.09438,-9.95438,-13.0143795,-14.06438,-14.69438,-12.72438,-9.304379,-8.20438,-8.83438,-7.5643797,2.13562,5.6656203,4.19562,4.36562,5.25562,3.6156201,2.0956202,1.8256202
0.06562012,-0.6143799,-0.22437988,-0.4243799,-0.76437986,-0.36437988,-0.5243799,0.15562011,0.5856201,1.8656201,0.99562013,0.2956201,-0.75437987,-0.76437986,-0.6843799,-0.8043799,-9.61438,-5.74438,-1.4043798,0.5256201,0.7056201,1.2356201,3.5256202,5.4356203,4.29562,3.90562,4.35562,4.02562,3.0256202,1.6056201,0.2956201,-1.5243798,-2.82438,-4.14438,-6.90438,-8.36438,-3.6443799,-0.34437987,-1.2243799,-0.4143799,-1.2843798,-2.9743798,0.05562012,-9.304379,-13.61438,-14.42438,-12.42438,-12.85438,-11.0143795,-7.49438,-8.68438,-5.97438,-3.52438,4.08562,5.4356203,6.56562,5.56562,6.54562,5.29562,3.50562
-2.10438,-1.5943799,-1.3243799,-1.1243799,-1.3243799,-1.5343798,-0.6143799,-0.5643799,0.045620117,-0.6643799,-1.7243799,-2.1743798,0.7756201,0.045620117,-0.3543799,-2.36438,-1.8543799,-2.58438,-10.16438,-2.84438,0.7856201,3.71562,3.5256202,3.14562,3.3256202,2.93562,3.2956202,3.45562,2.66562,1.8956201,0.6956201,-0.89437985,-2.1443799,-3.51438,-5.1043797,-7.47438,-4.59438,-3.1243799,1.4556202,-1.9243798,-0.69437987,1.5656201,-1.8743799,-6.09438,-14.28438,-13.37438,-14.43438,-13.61438,-10.79438,-7.0043797,-8.27438,-7.71438,-4.64438,-1.4643799,1.5456201,5.2056203,8.945621,7.2256203,5.08562,4.32562
-1.0943799,-0.7943799,-0.2943799,-4.40438,-0.5643799,-0.49437988,-0.4743799,-1.5543799,-2.78438,-1.5343798,0.6556201,-1.0543799,-0.8143799,0.31562012,0.74562013,0.21562012,-0.18437988,1.0056201,-0.024379883,-6.82438,-4.0243797,-1.2143799,1.1756201,2.0856202,2.5356202,2.63562,2.5356202,1.7656201,2.3356202,3.2956202,2.6256201,1.3456202,-0.054379884,-1.4043798,-2.7243798,-4.14438,-5.09438,-1.9743799,-1.8143799,-0.5543799,-1.8243799,-0.6843799,2.46562,-6.36438,-13.50438,-12.99438,-14.10438,-14.27438,-10.68438,-5.95438,-5.73438,-5.3543797,-5.0443797,-4.36438,-0.7843799,1.7356201,3.8256202,4.7256203,4.81562,4.88562
-0.7443799,-2.4443798,-0.7843799,-2.1443799,-0.4543799,-0.6843799,-1.6143799,-0.5843799,-1.8543799,-2.31438,-0.70437986,-0.19437988,2.25562,2.39562,1.0856202,1.1056201,1.5556201,0.4556201,-1.1743798,-0.82437986,-0.4543799,-2.3743799,-0.9743799,-0.3843799,-0.064379886,0.035620116,0.2956201,1.1556201,1.1556201,1.1856201,1.6156201,2.5656202,2.3156202,0.3956201,-0.5543799,-2.34438,-1.9443799,-2.85438,-2.1943798,-3.9043798,-0.20437989,-2.05438,0.25562012,-1.8843799,-12.78438,-13.304379,-14.31438,-13.52438,-12.2643795,-5.2543797,-3.1443799,-4.45438,-3.07438,-1.6743798,0.49562013,1.5756202,1.8456202,3.5956202,4.10562,5.05562
-1.1643798,-2.4543798,-1.9743799,-0.4843799,-1.1143799,-0.63437986,-0.24437988,-0.82437986,-1.5143799,-1.8143799,-2.04438,0.40562013,2.93562,2.96562,2.47562,2.0456202,0.8856201,0.09562012,-0.24437988,-1.2043799,-0.5543799,-0.6243799,-0.88437986,-0.004379883,0.80562013,0.6556201,-0.4443799,0.21562012,0.79562014,0.9156201,1.0456201,1.2456201,0.24562012,-1.5943799,-0.37437987,0.16562012,-1.3243799,-2.36438,-3.77438,-4.7943797,-1.8743799,-0.94437987,-2.6343799,-3.53438,-10.18438,-13.44438,-12.46438,-12.10438,-13.45438,-7.09438,-4.68438,-3.6243799,-3.10438,-2.9143798,-0.89437985,1.4056201,2.2956202,3.25562,4.04562,4.63562
-1.5943799,-2.27438,-2.9143798,-2.1343799,-2.1943798,-1.8743799,-2.34438,-2.01438,-1.5943799,-1.3743799,0.16562012,1.5856202,2.0856202,2.0256202,2.8556201,3.0356202,0.22562012,1.1556201,1.6456201,-0.9243799,-0.4843799,-1.0343798,-0.23437989,0.22562012,-0.014379883,-0.9343799,-1.2243799,-1.5243798,0.075620115,0.38562012,0.09562012,0.035620116,-0.8743799,-0.75437987,-1.0443798,2.15562,1.4056201,-0.5543799,-1.9943799,-3.57438,-1.4443799,-3.33438,1.1656201,-1.8943799,-8.03438,-3.1943798,-9.57438,-5.70438,-11.33438,-10.46438,-8.19438,-8.10438,-6.11438,-4.15438,-2.4143798,-0.9943799,0.21562012,1.3956201,2.16562,2.8556201
-2.61438,-2.6443799,-3.6743798,-3.09438,-2.9043798,-2.49438,-1.5343798,-1.3743799,-0.70437986,-0.13437988,1.1956201,2.0956202,0.24562012,1.5656201,1.3656201,1.5656201,4.2256203,-0.004379883,-0.4143799,1.2456201,0.5356201,0.035620116,0.16562012,-0.8143799,0.38562012,-0.46437988,-0.39437988,-1.3743799,-0.13437988,-0.08437988,0.24562012,-0.5543799,-1.2643799,-0.4143799,-1.7443799,-2.28438,-2.4143798,0.7156201,-0.33437988,-3.60438,-2.3743799,-1.9443799,-1.7143799,-6.87438,-2.3743799,-2.09438,-2.6943798,-0.49437988,-1.4743799,-2.57438,-2.61438,-1.2843798,-4.09438,-7.45438,-4.45438,-2.81438,-1.9243798,-1.3143799,-0.7843799,-0.15437989
-2.58438,-3.1543798,-3.26438,-3.1543798,-2.9543798,-3.1543798,-2.81438,-2.1343799,-0.8543799,-0.25437987,0.12562011,1.6956201,-0.9243799,0.41562012,0.25562012,0.46562013,0.3056201,1.1356201,2.5356202,0.5056201,0.7156201,0.075620115,2.7956202,1.8056201,1.9956201,-0.09437988,0.35562012,-0.94437987,0.3256201,0.6356201,0.0056201173,0.9556201,0.23562011,-0.054379884,-0.57437986,0.9056201,-1.0443798,-1.1843799,-3.02438,-3.3743799,-2.55438,1.0356201,0.35562012,-1.5643799,-3.6843798,0.14562012,-1.9043798,-1.5943799,-1.8643799,-2.32438,-1.5543799,-1.0143799,-1.4243798,-1.5843799,-2.32438,-3.85438,-4.09438,-3.02438,-4.1043797,-4.45438
-2.06438,-2.4043798,-3.80438,-2.4743798,-2.80438,-4.28438,-2.35438,-2.24438,-1.3743799,-0.94437987,-0.054379884,0.3656201,0.7056201,0.8156201,0.5256201,-0.24437988,-1.1643798,0.17562012,-0.6843799,0.15562011,1.0856202,1.0756202,1.6756201,2.3156202,1.9756202,-0.16437988,1.5156201,0.6856201,1.1256201,0.37562013,-0.16437988,-1.6843799,-2.1343799,-1.1743798,1.3556201,-0.2943799,0.4256201,1.0856202,0.05562012,-1.1143799,-2.4543798,-1.3743799,-3.28438,-3.75438,-3.57438,-2.1543798,-0.12437988,-1.9943799,-2.1743798,-1.3343799,0.22562012,-0.044379883,-0.69437987,-1.3143799,-3.58438,-2.53438,-0.8043799,-1.9743799,-1.2743798,-1.2543799
-2.4243798,-2.09438,-4.12438,-2.9243798,-2.36438,-1.6843799,-2.29438,-1.4243798,-2.9743798,-4.03438,-4.2943797,-2.4343798,-1.4943799,-2.50438,-2.4243798,-1.1743798,-0.4243799,-0.104379885,-0.24437988,0.41562012,1.0756202,-0.16437988,-0.31437987,2.00562,-0.4443799,1.8056201,-0.7343799,1.1356201,-0.18437988,1.5056201,0.6856201,0.5156201,-0.6843799,0.40562013,-1.0943799,-0.3843799,-0.28437987,0.3656201,0.98562014,2.0556202,-1.1543798,1.5156201,-0.20437989,-2.79438,-0.7343799,-0.51437986,-0.054379884,-1.3643799,-3.6343799,-2.1943798,-3.02438,-2.4243798,-0.43437988,-0.4143799,-1.7743798,-2.02438,-3.49438,-1.2843798,-1.2343799,-0.8543799
-1.5543799,-1.8843799,-3.2243798,-5.8343797,-4.32438,-3.79438,-0.104379885,-0.37437987,0.3656201,-1.0743799,-1.3543799,-0.9943799,-1.0143799,-0.27437988,0.5756201,0.7056201,-0.37437987,0.12562011,-0.23437989,-1.2743798,-0.25437987,-3.1843798,-2.3943799,-0.94437987,0.24562012,1.7456201,-1.0743799,1.0656201,-1.0043799,-0.3543799,1.5256201,-0.7943799,-0.12437988,0.17562012,-0.014379883,0.08562012,0.7756201,-0.14437988,0.40562013,1.5856202,0.5856201,1.1956201,0.85562015,0.7256201,-1.1143799,-0.6643799,-2.34438,-1.3743799,-1.7943798,-1.1243799,-4.26438,-4.47438,-0.39437988,-0.8143799,-1.0643799,-2.4843798,-1.6243799,-2.27438,0.075620115,-1.6243799
-0.9643799,-2.05438,-5.1043797,-5.55438,-4.64438,-2.11438,-0.9743799,-0.3543799,-1.0443798,-0.6643799,-1.7943798,-2.8943799,-2.7243798,-1.4943799,-2.35438,-1.6143799,-1.3843799,-0.2943799,-0.27437988,1.1856201,-0.5243799,1.9556202,-0.27437988,-0.14437988,0.98562014,0.3656201,-0.6643799,1.3556201,0.80562013,-0.054379884,0.045620117,-0.8743799,0.60562015,-0.31437987,-0.6043799,-0.7843799,-1.6443799,-0.054379884,1.1356201,0.5656201,1.9656202,0.9056201,2.18562,2.43562,2.69562,2.0256202,0.67562014,-0.4143799,-1.1843799,-1.1343799,-0.95437986,-0.8543799,-1.3143799,-2.3943799,-1.0143799,-0.88437986,-1.7943798,-2.4443798,-1.6743798,-2.9543798
-1.6043799,-1.7943798,-2.4143798,-3.58438,-4.34438,-3.1443799,0.0056201173,0.98562014,-0.034379885,-1.5643799,-1.1343799,-1.1043799,-2.02438,-1.7043799,-1.4043798,-0.14437988,1.6156201,0.6256201,0.015620117,-0.7443799,0.6356201,-1.3043799,-0.8543799,-0.9143799,0.17562012,0.4256201,-0.9643799,-1.2943798,-0.4443799,-0.5443799,-0.70437986,1.0356201,0.015620117,-0.82437986,-0.004379883,0.0056201173,-0.4143799,-0.07437988,0.2756201,0.80562013,1.0856202,0.5056201,1.0156201,1.0756202,-0.43437988,0.3056201,-0.104379885,-0.5243799,1.2756201,0.49562013,-0.24437988,-0.23437989,-0.57437986,-0.5243799,-1.4743799,-1.8943799,0.8956201,-2.1343799,-2.10438,-1.0243798
-1.1843799,-0.94437987,-1.3343799,-2.05438,-4.80438,-4.12438,-1.1043799,0.015620117,0.075620115,-0.89437985,-0.95437986,-1.3443799,-0.95437986,-2.06438,-1.7343799,-1.8743799,-3.07438,-2.30438,2.16562,1.2256202,-0.76437986,-1.9543799,-1.6043799,0.7156201,0.3956201,-0.5543799,-1.5343798,-1.3643799,-0.08437988,-0.7143799,-1.9843799,-1.8543799,-1.9143798,-1.5343798,-2.26438,-1.4843799,-0.31437987,-1.4743799,1.3056201,-0.14437988,0.80562013,2.0756202,0.85562015,0.15562011,0.5256201,0.61562014,0.05562012,0.47562012,2.40562,1.4956201,1.5256201,2.65562,2.42562,0.7256201,-0.17437989,0.2756201,0.5356201,1.3956201,0.6356201,-0.09437988
-1.8543799,-1.6643798,-1.9143798,-2.1343799,-2.78438,-4.16438,-1.1943799,-0.11437988,-0.7243799,0.3656201,0.025620118,-2.07438,0.09562012,-0.8343799,-1.5943799,-0.8043799,-1.2043799,-1.1243799,0.025620118,-0.4743799,-0.33437988,-0.5443799,-0.5343799,-0.82437986,-0.36437988,-1.6843799,-2.34438,-2.31438,-1.4443799,0.12562011,-1.6143799,-1.9643799,-1.7643799,-0.9743799,-1.4743799,-1.3943799,-1.2443799,-0.94437987,-0.50437987,0.0056201173,0.045620117,-0.4543799,-0.30437988,-0.33437988,-0.33437988,1.1656201,0.7856201,1.4056201,2.00562,2.2756202,2.5656202,1.7556201,-0.2943799,0.2956201,1.9156201,2.5756202,2.91562,2.0756202,2.7956202,2.6056201
-1.8743799,-1.8543799,-2.79438,-3.9043798,-3.6643798,-3.7243798,-1.5243798,0.7256201,0.9156201,0.9556201,0.4256201,-1.6143799,-2.1643798,-0.4743799,1.4056201,-1.1243799,-1.7843798,-0.5343799,0.74562013,1.9756202,3.20562,1.7656201,1.2556201,0.19562012,0.20562011,-0.46437988,-2.08438,-2.86438,-2.24438,-1.2743798,-1.7643799,-0.25437987,-1.2143799,-0.6043799,-0.37437987,-0.89437985,-1.2243799,-1.1943799,-1.1843799,-0.9943799,-0.88437986,0.06562012,0.74562013,1.4256201,0.7556201,0.24562012,0.25562012,1.1956201,2.1256201,3.0456202,0.4556201,1.1256201,1.5856202,1.6556201,0.9556201,0.6556201,1.0356201,1.5656201,2.44562,3.8256202
-2.59438,-1.7343799,-1.0043799,-1.2943798,-2.57438,-3.9643798,-4.0243797,-3.8943799,-1.7943798,-2.27438,-0.40437987,-1.2043799,-1.5243798,-1.4043798,-0.6843799,-0.63437986,-1.3343799,-1.3643799,-1.0343798,-0.8043799,-0.8143799,-1.0043799,-0.8743799,-0.7943799,-0.69437987,-0.76437986,-1.1543798,-1.6843799,-1.9043798,-1.5443798,-1.1643798,-1.0043799,-1.8043799,-1.2743798,-0.4843799,-0.3243799,-0.3543799,-0.27437988,-0.6143799,-0.5643799,0.075620115,0.5256201,1.0556201,1.4156201,1.4556202,1.2756201,1.2856201,1.8556201,2.39562,0.7556201,0.14562012,0.5156201,0.86562014,1.2256202,1.6456201,2.2756202,3.40562,5.06562,4.52562,1.7856201
-2.30438,-1.8743799,-2.2043798,-2.1843798,-1.6043799,-2.2143798,-2.07438,-1.2043799,-0.5643799,-0.2643799,-0.69437987,-0.8343799,-0.9043799,-0.7143799,-0.5343799,-0.36437988,-0.08437988,-0.024379883,0.025620118,-0.104379885,-0.25437987,-0.16437988,0.08562012,-0.5343799,-1.8043799,-2.53438,-2.36438,-2.2343798,-2.24438,-2.80438,-2.7243798,-3.06438,-3.33438,-3.6543798,-2.6743798,-2.2143798,-2.24438,-2.09438,-1.6543798,-1.5843799,-0.70437986,0.035620116,0.37562013,0.73562014,0.9556201,1.1756201,0.9456201,0.49562013,0.5056201,0.7656201,0.98562014,1.2856201,1.5856202,1.9856201,2.3556201,1.7656201,1.5656201,1.0356201,0.38562012,0.14562012
-1.3743799,-1.3443799,-1.1343799,-1.3643799,-1.3243799,-0.8043799,-0.7943799,-1.0243798,-0.9043799,-0.63437986,-0.31437987,0.015620117,0.0056201173,-0.20437989,-0.4143799,-0.7143799,-1.0643799,-1.0943799,-1.0943799,-1.0743799,-1.0943799,-0.9743799,-1.6843799,-2.4343798,-2.1243799,-1.9743799,-2.2143798,-2.28438,-2.9343798,-3.30438,-3.49438,-3.9243798,-4.0643797,-4.20438,-4.3543797,-3.9143798,-3.31438,-2.74438,-2.24438,-2.1243799,-1.7143799,-1.4043798,-0.5943799,0.21562012,0.46562013,0.6556201,0.6956201,0.5356201,0.38562012,0.55562013,0.86562014,1.4056201,2.0356202,2.74562,3.5556202,3.15562,2.0856202,0.3256201,0.3656201,0.5656201
-1.4243798,-1.1343799,-1.0143799,-1.1543798,-1.0843799,-0.8443799,-0.34437987,0.3656201,0.0056201173,-0.034379885,0.12562011,0.20562011,0.12562011,-0.27437988,-0.4143799,-0.5443799,-0.24437988,-0.3543799,-0.7843799,-1.1543798,-1.2643799,-1.5443798,-0.6543799,-1.1943799,-1.5543799,-1.8043799,-2.1443799,-2.4243798,-2.4143798,-2.57438,-2.85438,-3.1743798,-3.56438,-3.60438,-3.6543798,-3.6843798,-3.83438,-3.82438,-4.19438,-3.85438,-2.4843798,-1.3543799,-0.89437985,-0.2943799,0.115620114,0.41562012,0.6556201,0.7056201,0.60562015,0.5356201,0.67562014,0.85562015,1.4956201,2.0556202,2.39562,2.6056201,2.8456202,2.90562,2.6256201,2.5856202
0.015620117,0.15562011,0.20562011,0.20562011,-0.004379883,-0.054379884,0.4856201,0.41562012,0.3656201,0.54562014,0.6256201,0.38562012,0.13562012,0.19562012,0.22562012,0.115620114,0.35562012,0.28562012,-0.40437987,-1.0443798,-2.1743798,-1.3943799,-0.8343799,-0.82437986,-1.3843799,-1.4743799,-1.4343799,-1.8143799,-2.05438,-2.4443798,-2.55438,-2.6543798,-2.8743799,-3.28438,-3.28438,-3.1843798,-3.60438,-3.3943799,-3.29438,-3.4343798,-3.76438,-3.8843799,-3.7343798,-2.57438,-0.69437987,-0.15437989,0.025620118,0.22562012,0.3256201,0.4256201,0.5656201,0.74562013,0.8356201,1.0056201,1.3356202,1.7056202,1.8056201,1.8556201,1.8956201,1.9156201
1.7856201,1.7756201,1.4956201,1.4956201,1.4056201,1.1656201,0.98562014,1.1656201,1.1556201,1.0356201,1.1156201,1.1456201,0.7856201,0.9456201,1.0756202,1.1156201,1.1756201,1.0156201,0.86562014,1.1256201,0.7056201,0.5956201,0.28562012,0.08562012,-0.07437988,-0.23437989,-0.4543799,-0.6643799,-0.9743799,-1.2843798,-1.5843799,-1.8643799,-2.11438,-2.28438,-2.33438,-2.4743798,-2.99438,-3.54438,-3.4743798,-3.4843798,-3.55438,-3.51438,-3.1543798,-2.6443799,-2.36438,-2.32438,-2.6243799,-2.6443799,-2.76438,-2.9043798,-2.4343798,-0.8443799,0.47562012,1.5456201,1.8256202,1.8356202,1.3456202,1.2556201,1.3556201,1.5356201
2.1056201,2.5756202,2.6056201,2.40562,2.46562,2.41562,2.3356202,2.17562,2.15562,1.7456201,1.4156201,1.3856201,1.4256201,1.4856201,1.6256201,1.6956201,1.5956202,1.5256201,1.4256201,1.3156201,1.2156202,1.1056201,0.9656201,0.8356201,0.67562014,0.49562013,0.31562012,0.14562012,0.015620117,-0.15437989,-0.4443799,-0.69437987,-0.63437986,-0.7443799,-1.1143799,-1.4143798,-1.6743798,-1.8543799,-2.00438,-2.10438,-2.1843798,-2.28438,-2.58438,-3.10438,-3.06438,-2.8843799,-2.25438,-1.0443798,-1.5643799,-2.09438,-2.4343798,-2.6543798,-2.76438,-2.75438,-2.59438,-2.25438,-2.08438,-2.1443799,-2.06438,-1.8343799
