public/wind/gfs.t18z.pgrb2.1p00.f000.json
{"header": { "discipline":0, "disciplineName":"Meteorological products", "gribEdition":2, "gribLength":24886, "center":7, "centerName":"US National Weather Service - NCEP(WMC)", "subcenter":0, "refTime":"2021-05-05T18:00:00.000Z", "significanceOfRT":1, "significanceOfRTName":"Start of forecast", "productStatus":0, "productStatusName":"Operational products", "productType":1, "productTypeName":"Forecast products", "productDefinitionTemplate":0, "productDefinitionTemplateName":"Analysis/forecast at horizontal level/layer at a point in time", "parameterCategory":2, "parameterCategoryName":"Momentum", "parameterNumber":2, "parameterNumberName":"U-component_of_wind", "parameterUnit":"m.s-1", "genProcessType":2, "genProcessTypeName":"Forecast", "forecastTime":0, "surface1Type":103, "surface1TypeName":"Specified height level above ground", "surface1Value":10.0, "surface2Type":255, "surface2TypeName":"Missing", "surface2Value":0.0, "gridDefinitionTemplate":0, "gridDefinitionTemplateName":"Latitude_Longitude", "numberPoints":16471, "shape":6, "shapeName":"Earth spherical with radius of 6,371,229.0 m", "gridUnits":"degrees", "resolution":48, "winds":"true", "scanMode":64, "nx":181, "ny":91, "basicAngle":0, "lo1":0.0, "la1":0.0, "lo2":180.0, "la2":90.0, "dx":1.0, "dy":1.0 }, "data":
[rows 52 to 77 of 91, columns 58 to 115 of 181]
7.2175746,6.2475743,7.0275745,8.647574,8.727574,8.707575,8.237575,1.5675745,-0.0024255372,0.18757446,1.1175745,0.007574463,-0.6624255,-0.22242554,-1.0324255,-2.0324256,-2.3624256,-3.1624255,-3.6924255,-3.4524255,-3.0424256,-3.1524255,-3.0524256,-2.2024255,-3.0524256,-2.6924255,-0.23242554,-0.83242553,-1.3324256,-0.99242556,-2.1724255,-0.71242553,-1.4424255,-0.24242553,0.54757446,0.14757447,-0.40242553,-0.89242554,1.5175744,-1.2324256,-0.89242554,0.6475745,2.7175744,0.45757446,2.2375746,1.9175744,1.8175745,0.74757445,3.5975745,2.6775744,2.8375745,4.1975746,3.0275745,2.6075745,3.3975744,2.5475745,0.40757447,0.61757445
6.3275743,7.0375743,6.8075743,7.9075747,8.467574,10.207575,5.9775743,3.2975745,-0.032425538,-1.0324255,-0.77242553,-0.50242555,-1.2124256,0.20757446,-1.0924256,-1.4824256,-2.6724255,-2.4024255,-2.8724256,-1.9724256,-4.0124254,-2.8824255,-2.5524256,-2.0724256,-3.4424255,-3.2124255,-1.6024256,-3.8024256,-2.8524256,-1.5824256,-1.2124256,-1.1124256,1.3975744,-0.61242557,-0.10242554,-0.18242554,0.63757443,-0.9224255,-0.58242553,0.8275745,0.74757445,1.5375744,1.9675745,2.1475744,1.4275745,2.8875744,1.3275745,1.5175744,2.5375745,1.9075744,3.2675745,1.7275745,2.0075746,2.6375744,2.3375745,1.4775745,0.097574465,1.3975744
5.3775744,6.7175746,6.6275744,6.4175744,7.2175746,7.4175744,7.3775744,1.7175745,0.46757448,0.21757446,0.53757447,0.66757447,-0.22242554,-0.19242553,-0.76242554,-1.3824255,-1.2724255,-1.8724256,-1.8324256,-2.1724255,-2.3124256,-2.4624255,-2.0124254,-1.9424255,-2.3324256,-2.8524256,-2.0324256,-1.8624256,-0.95242554,-1.3224255,-1.5324255,-0.76242554,1.1775745,0.61757445,-2.1524255,-1.4224255,-2.1724255,-1.1024256,-0.16242553,3.0375745,0.7175745,0.44757447,1.4475745,1.8175745,1.8375745,1.4075744,-0.47242555,1.1775745,2.0675745,1.0175744,3.4175744,0.75757444,2.4175744,1.2375745,1.0175744,1.6275744,0.87757444,0.037574463
6.0575743,5.5575743,6.6775746,7.6375747,6.3775744,7.7975745,7.7375746,4.1675744,2.0175745,0.55757445,-0.012425537,0.53757447,0.11757446,-0.33242553,-0.68242556,-1.0424255,-1.0924256,-1.3324256,-1.5124255,-1.7124256,-2.2424254,-0.93242556,0.20757446,0.12757446,0.69757444,0.32757446,0.78757447,0.5975745,0.5975745,-1.4424255,-0.10242554,2.2175744,0.50757444,-0.41242555,-0.47242555,0.35757446,0.13757446,0.68757445,-0.21242553,0.46757448,0.08757446,0.42757446,1.3175745,1.0775745,0.72757447,0.5975745,0.45757446,0.99757445,0.7675745,1.4075744,1.2275745,3.8775744,0.057574462,1.7775744,2.6475744,1.3875744,1.4475745,1.3875744
6.2175746,5.847574,6.2075744,7.6875744,7.4775743,8.957575,8.627575,6.5275745,-0.16242553,-2.1824255,-2.4024255,-2.4924254,-2.0224257,-1.4924256,-1.3524256,-1.4124255,-1.4124255,-1.4324255,-1.1224256,-0.76242554,0.067574464,0.81757444,0.91757447,1.0075744,1.0575745,1.2875744,0.8975745,1.2675744,1.2975745,2.8775744,4.3575745,5.1275744,3.5175745,3.7575746,2.9875746,4.3875747,4.7075744,3.6375744,1.6175745,1.4975744,1.4475745,1.1775745,2.3875744,1.0575745,0.74757445,-0.31242552,0.16757447,0.42757446,0.21757446,2.8475745,0.067574464,1.6875745,0.9675745,2.2575746,1.0475745,1.4675745,1.6775745,2.2475746
5.2775745,5.1175747,6.1075745,5.3575745,5.9075747,8.747575,5.8975744,2.7775745,-1.5324255,-2.0624256,-2.1524255,-1.7524256,-1.6224256,-1.4324255,-1.2124256,-1.1124256,-1.5624255,-0.7824255,-0.57242554,-0.5424255,1.0875745,2.5375745,1.9975744,2.0575745,1.3375745,1.4475745,2.1775744,2.1875744,4.5675745,2.3675745,2.6675744,3.8575745,4.2875743,4.1275744,4.7675743,2.5775745,3.4475744,-0.45242554,0.7075745,0.057574462,0.47757447,0.87757444,-0.16242553,0.56757444,0.68757445,1.0175744,-0.25242555,0.63757443,1.0375744,1.1675744,1.1575744,1.4175744,2.0375745,1.9275745,1.3375745,2.2075744,1.9375745,1.1475744
4.1475744,4.1275744,4.0375743,4.3675747,6.0075746,4.6975746,5.2275743,2.1975744,-3.2924256,-2.7124255,-2.1824255,-1.7524256,-1.7124256,-1.3324256,-1.4824256,-0.6624255,-0.5324255,0.15757446,0.08757446,1.0775745,1.9675745,0.9675745,2.2175744,1.6275744,2.0475745,2.0975745,1.7175745,2.4675744,2.4175744,2.7075744,2.1575744,0.75757444,1.4375745,0.74757445,0.037574463,-0.9224255,-1.5224255,-1.0024256,-0.39242554,-0.36242554,0.22757447,1.0575745,1.1175745,0.097574465,-0.43242553,-0.37242553,0.69757444,1.1275744,2.5575745,2.4075744,2.5875745,2.1475744,3.5875745,3.7875745,2.6375744,1.7375745,1.5875745,1.4175744
4.4275746,3.5575745,4.2375746,4.0275745,5.1975746,4.8675747,5.9375744,3.6175745,-1.5124255,-2.7024255,-2.1424255,-1.9024255,-1.2424256,-0.86242557,-0.86242557,-0.8524255,0.097574465,0.07757446,0.46757448,2.1275744,2.3775744,1.6875745,0.87757444,1.9075744,0.12757446,-0.77242553,-1.2324256,-1.0824256,-1.3824255,-0.17242554,0.13757446,0.54757446,-0.5924255,-1.3024255,-1.2224256,-0.7324255,-0.41242555,-0.6024255,-1.1224256,-0.82242554,0.99757445,0.88757443,-0.9224255,-0.082425535,0.32757446,0.22757447,0.13757446,1.5475745,3.4575744,3.3175745,3.6375744,3.1375744,3.0575745,2.2575746,1.5075744,1.5975745,1.2075745,0.97757447
2.5875745,3.3675745,3.1275744,2.1075745,3.8075745,5.3575745,1.7975745,2.7375746,-1.7724255,-1.3924255,-0.95242554,-1.6424255,-1.1424255,-0.34242553,-0.38242555,0.17757446,1.2175745,0.88757443,0.80757445,0.26757446,-0.39242554,-1.6124256,-0.9824255,-1.2924255,-2.1424255,-2.6024256,-1.7524256,-0.43242553,-0.52242553,-0.94242555,-0.89242554,-1.1224256,-1.2124256,-0.87242556,-0.46242553,-0.74242556,-0.8524255,-1.2324256,-0.95242554,0.057574462,0.42757446,0.78757447,0.7675745,1.1975745,1.0375744,1.0575745,2.1675744,1.9175744,3.2075744,3.3075745,3.2475746,2.8975744,3.2775745,2.7475746,0.91757447,1.5475745,1.1175745,0.62757444
0.7175745,1.4175744,1.3675745,1.5775745,0.75757444,0.85757446,0.88757443,2.6475744,-2.2224255,-2.0724256,-1.8424256,-1.4024255,-0.23242554,0.11757446,1.2175745,-1.4824256,-2.8124256,-2.1024256,-5.0324254,-3.9824255,-2.2924256,-2.6524255,-2.4024255,-2.5824256,-2.7824256,-2.0924256,-1.9024255,-2.2424254,-0.96242553,-1.2324256,-1.0224255,-1.4924256,-1.0524255,-0.81242555,-0.39242554,-0.9824255,-0.68242556,-0.7324255,0.23757446,-0.43242553,0.68757445,1.4075744,2.1275744,1.7175745,2.5075746,1.9675745,2.5275745,3.4075744,4.1475744,3.7775745,3.4475744,2.7275743,2.2375746,2.6375744,2.3775744,0.8275745,-0.50242555,-0.28242552
0.40757447,0.21757446,-0.24242553,0.75757444,1.4375745,2.1075745,2.1475744,0.40757447,2.1175745,-2.5424256,-1.7824255,-2.5824256,-3.2924256,-5.9724255,-5.9724255,-5.4624257,-5.8724256,-6.0024257,-5.1324253,-3.8924255,-3.4624255,-3.3124256,-3.8024256,-4.0324254,-3.8924255,-4.1324253,-4.0024257,-1.6524255,-0.86242557,-1.1824255,-1.5024256,-0.7824255,-1.0524255,-0.9124255,-0.8524255,-0.042425536,-0.38242555,-0.61242557,-0.042425536,1.6475744,1.0975745,1.7375745,1.4075744,1.9475745,2.5775745,2.2475746,4.0775743,4.6475744,5.0275745,3.7475746,0.73757446,2.8075745,2.0075746,1.9775745,1.1975745,-0.6524255,-0.20242554,-0.032425538
-1.2624255,-1.5224255,0.91757447,1.4875745,1.2575744,2.1375744,1.7775744,-0.41242555,-1.7324256,-3.0824256,-3.0024254,-4.5824256,-7.8024254,-8.672425,-5.5924253,-5.5824256,-7.3224254,-7.0424256,-6.9724255,-7.1424255,-6.1124253,-4.5924253,-3.4124255,-2.9724255,-2.0524256,-2.1724255,-2.4224255,-1.9224255,-2.6624255,-2.2424254,-1.5024256,-0.70242554,-0.56242555,-0.6524255,-0.23242554,-0.47242555,1.5375744,1.1975745,1.0375744,1.4975744,1.5975745,1.4775745,1.4075744,3.2675745,2.9575744,2.0575745,1.7075745,3.4775743,2.5875745,1.7575744,1.8975744,1.2175745,0.8275745,0.35757446,-0.77242553,-0.81242555,-1.0624255,-0.30242553
-1.9424255,-1.2724255,-0.30242553,0.34757447,0.73757446,-0.082425535,-1.2824255,-1.8524256,-2.2424254,-3.9424255,-3.7524254,-4.6324253,-6.6624255,-7.2424254,-7.6124253,-7.4424257,-8.002425,-7.6824255,-7.2824254,-6.9324255,-5.4524255,-5.0224257,-4.402426,-4.9424257,-3.3224256,-2.8424256,-3.3124256,-3.0424256,-1.4224255,-2.1924255,-1.8624256,-0.95242554,-0.0024255372,0.8475745,1.3775744,1.6775745,1.5075744,1.5775745,0.68757445,1.6175745,1.4075744,5.1775746,6.4375744,3.6375744,3.3475745,3.4175744,2.1775744,-0.44242555,-0.6724255,-0.6724255,-0.55242556,-0.7224255,-1.3724256,-1.6524255,-2.9524255,-1.9824256,-1.6824255,-1.5524255
-1.0024256,-1.0624255,-1.1524255,-0.49242553,-1.1224256,-4.152426,-5.3724256,-6.0524254,-6.9924254,-7.0724254,-9.522426,-8.762425,-9.172425,-9.112426,-8.252425,-8.132425,-7.8124256,-8.192426,-6.6124253,-6.1124253,-6.6024256,-6.3124256,-5.3924255,-4.8424253,-3.8824255,-3.9324255,-3.8824255,-3.9824255,-1.4524255,-1.9224255,-1.6224256,-1.3124255,2.0275745,1.3475745,2.6175745,2.0475745,2.8475745,4.5275745,4.5575743,2.9575744,2.6875744,5.1675744,5.2475743,2.9775743,0.28757447,-0.50242555,-1.2924255,-0.81242555,-3.5424256,-2.2924256,-2.2024255,-2.4324255,-4.6124253,-2.4824255,-2.2624254,-2.5924256,-1.3324256,-0.93242556
-1.0924256,-1.5424255,-4.7424254,-3.5724256,-6.5324254,-7.5124254,-8.822426,-8.042425,-8.512425,-8.982426,-8.492426,-8.722425,-8.072426,-7.0224257,-6.1124253,-5.5924253,-6.1724257,-6.1824255,-5.7824254,-5.4924254,-4.7224255,-5.0824256,-5.2824254,-4.4924254,-3.0724256,-3.3724256,-3.2024255,-2.4024255,-0.6624255,-0.52242553,-0.57242554,-0.52242553,2.0375745,3.0375745,3.9875746,1.2375745,3.5175745,1.8575745,1.6475744,1.9575745,0.49757445,-2.1124256,-3.3824255,-1.6324255,-1.5724255,-1.4924256,-4.8124256,-6.5124254,-6.5924253,-6.4224257,-4.6424255,-3.7424254,-2.7624254,-2.8924255,-0.70242554,-2.0724256,-0.89242554,-1.2224256
-7.8924255,-8.702426,-7.5724254,-6.4724255,-5.7524257,-4.4224257,-6.152426,-3.2624254,-2.6724255,-5.1224256,-4.8824253,-6.3224254,-6.9724255,-7.1724257,-7.4824257,-7.0424256,-6.1424255,-5.7124257,-5.4724255,-5.152426,-4.2224255,-3.8624256,-2.9824255,-3.6324255,-2.7324255,-2.4824255,-2.1324255,-1.7624255,-0.112425536,0.30757445,0.50757444,1.4675745,1.4175744,1.4975744,0.9675745,1.5175744,1.5175744,0.10757446,-0.51242554,-7.5724254,-5.5224257,-5.7224255,-3.4424255,-4.4524255,-6.5624256,-6.8324256,-7.1624255,-6.3024254,-3.3424256,-2.3224256,-1.9024255,-3.0624256,-2.8224256,-3.1124256,-1.9224255,-1.4424255,-1.8024255,-0.89242554
-7.0924253,-5.152426,-4.8124256,-5.6724257,-4.2824254,-5.0624256,-3.6624255,-2.5624256,-2.9924254,-2.5224257,-4.8224254,-7.1724257,-7.1424255,-7.0124254,-7.5124254,-6.7924256,-6.2324257,-5.4824257,-5.1124253,-4.8024254,-4.402426,-3.7124255,-3.1624255,-2.9924254,-2.2824256,-0.93242556,-1.7624255,-0.112425536,1.6475744,1.2575744,2.6275744,1.1975745,1.3375745,0.5275745,0.9575745,-0.13242553,-1.4924256,-1.8224255,-1.2224256,-2.9924254,-1.3224255,-1.6424255,-2.9624255,-2.8724256,-5.1324253,-6.5524254,-5.9524255,-5.6224256,-5.7024255,-4.7724257,-2.9224255,-2.1724255,-1.4824256,-1.2724255,-0.95242554,-1.1024256,0.25757447,-0.0024255372
-10.062426,-8.582425,-7.4624257,-7.9924254,-8.712425,-7.7524257,-6.8824253,-8.422425,-8.802425,-9.672425,-8.722425,-7.5924253,-6.9824257,-6.5224257,-5.8924255,-6.6124253,-5.8824253,-5.1824255,-4.1624255,-3.7824256,-3.4724255,-2.7524254,-2.3324256,-1.9124255,-1.1124256,0.8475745,1.6975745,1.6575744,1.9575745,0.92757446,0.9075745,0.75757444,-0.20242554,0.36757445,-0.86242557,-1.6024256,-0.44242555,-2.3824255,-0.58242553,-1.4824256,-1.6924255,-1.0824256,-0.8424255,-1.3624256,-1.3224255,-1.9224255,-3.9224255,-4.4924254,-4.402426,-3.6224256,-4.0324254,-2.5024254,-2.1324255,-1.0224255,-0.70242554,-0.47242555,0.24757446,-0.07242554
-6.5724254,-7.0424256,-7.7824254,-8.902426,-8.6824255,-8.022426,-7.1824255,-7.9924254,-7.6424255,-6.3524256,-5.7024255,-5.1824255,-4.2024255,-4.6124253,-3.7324255,-4.0324254,-3.4624255,-2.6224256,-2.3524256,-2.7624254,-2.5724256,-1.6124256,-1.3824255,-0.49242553,-0.71242553,-0.18242554,0.50757444,0.62757444,0.067574464,0.10757446,-1.1124256,-1.3524256,-0.23242554,-1.3124255,-1.7124256,-1.3924255,-1.4124255,-0.87242556,-0.7924255,-1.3024255,-1.9624256,-1.5724255,-1.2524256,-0.22242554,-2.3124256,-1.4524255,-2.6024256,-2.4124255,-1.5724255,-1.8124255,-2.1424255,-2.4324255,-0.93242556,-1.2924255,-0.8424255,-2.0224257,-1.5424255,-2.2224255
-6.0824256,-4.9824257,-4.8224254,-5.2524257,-5.652426,-4.9324255,-4.7424254,-5.3024254,-6.5824256,-4.1024256,-3.5524256,-3.4524255,-3.4524255,-2.9924254,-2.7724257,-2.9824255,-3.0524256,-2.0124254,-1.8324256,-1.4324255,-1.7124256,-1.6524255,-1.3924255,-1.6824255,-1.3324256,-1.3124255,-1.3224255,-0.64242554,-1.4224255,-1.5224255,-1.4824256,-2.1724255,-3.2324255,-3.7624254,-3.4824255,-3.2324255,-3.9124255,-4.3324256,-4.5224257,-4.2424254,-3.6624255,-3.5724256,-2.3224256,-2.2624254,-1.6324255,-1.2424256,-1.4124255,-2.4624255,-2.5124254,-2.2324255,-2.3424256,-2.0124254,-1.9724256,-0.6724255,-0.7224255,-2.2124255,-1.9424255,-1.9024255
-4.4924254,-4.8424253,-5.0224257,-4.0324254,-4.3624253,-3.8724256,-3.6624255,-3.0524256,-2.6224256,-2.8024256,-3.5124254,-2.9924254,-3.1024256,-2.5824256,-1.7924255,-1.8324256,-1.4524255,-1.6724255,-1.6224256,-1.0424255,-1.3424256,-0.9824255,-0.62242556,-0.8524255,-1.4524255,-1.2924255,-0.9024255,-0.9724255,-1.0424255,-1.4924256,-1.6424255,-1.2624255,-1.5024256,-2.1924255,-2.6124256,-2.3324256,-2.3024256,-2.1324255,-2.6324255,-2.9324255,-3.7024255,-3.1624255,-3.4224255,-3.5424256,-3.5724256,-3.6224256,-2.4524255,-1.6924255,-2.8824255,-2.8124256,-2.5524256,-1.3924255,-0.81242555,-0.95242554,-1.3824255,-0.30242553,0.5275745,-0.6024255
-3.0624256,-3.4124255,-3.9024255,-3.4024255,-3.3024256,-3.4424255,-3.1824255,-2.7724257,-2.6324255,-2.5224257,-1.9524255,-1.9324255,-1.3324256,-0.74242556,-0.46242553,-0.17242554,-0.122425534,0.07757446,0.007574463,-0.07242554,0.08757446,-0.19242553,-1.2124256,-2.3224256,-1.4824256,0.49757445,-0.16242553,0.08757446,0.017574463,-0.75242555,-0.80242556,-0.52242553,-0.9224255,-1.8824255,-2.2724257,-2.0824256,-1.7324256,-1.9524255,-2.3124256,-2.7924256,-3.5624256,-4.1424255,-4.6824255,-4.7424254,-3.6024256,-3.3924255,-3.8224256,-3.8524256,-3.5224257,-3.1924255,-3.0324256,-3.1124256,-2.3524256,-2.2824256,-1.6724255,-1.1324255,-2.1324255,-2.2924256
-0.40242553,-2.2224255,-2.2824256,-2.6824255,-2.7524254,-2.8224256,-2.9024255,-2.7724257,-1.9824256,-1.2824255,-0.99242556,-0.25242555,0.40757447,0.88757443,0.40757447,0.5275745,0.88757443,0.5875745,0.92757446,1.1275744,1.1775745,1.0075744,0.85757446,1.0475745,0.87757444,0.41757447,0.30757445,0.27757445,-0.55242556,-0.50242555,-0.50242555,-1.0924256,-0.75242555,-1.0524255,-1.5424255,-1.6124256,-1.1124256,-0.82242554,-1.4124255,-2.7224255,-2.5924256,-3.4124255,-3.2624254,-3.1424255,-4.0424256,-3.9024255,-3.2224255,-3.2424254,-2.6524255,-1.9324255,-1.1224256,-1.5924256,-2.3024256,-2.8624256,-3.2924256,-2.8224256,-2.6224256,-2.5824256
-1.7324256,0.47757447,0.79757446,-0.70242554,-2.4824255,-2.7724257,-2.3224256,-2.8224256,-2.7124255,-2.3824255,-2.5224257,-2.3724256,-2.2824256,-2.1224256,-1.4724256,-0.42242554,0.42757446,1.2175745,1.6275744,2.2075744,2.3675745,1.9175744,1.6075745,1.7475744,1.9175744,1.7975745,1.8575745,2.0675745,2.4475744,2.4975746,1.5175744,0.78757447,-0.6624255,-0.63242555,-0.9824255,-1.2724255,-0.34242553,0.24757446,-0.0024255372,-0.38242555,-1.8024255,-1.3724256,-0.9124255,-2.1724255,-1.7224256,-1.3424256,-1.7524256,-2.0424256,-1.6924255,-1.8224255,-0.7224255,-1.1324255,-0.58242553,0.50757444,-0.012425537,-0.89242554,-1.1224256,-1.9024255
-7.8124256,-5.4924254,-3.1324255,-1.8924255,-0.6724255,0.017574463,-0.10242554,0.47757447,0.50757444,-0.022425538,-0.89242554,-1.7424256,-1.9424255,-2.0224257,-1.6124256,-1.5724255,-1.9924256,-2.3324256,-2.0724256,-1.6024256,-1.2124256,-0.70242554,-0.012425537,0.49757445,0.80757445,0.93757445,1.1675744,0.9575745,1.1975745,0.5775745,0.53757447,1.2075745,0.8375745,1.1375744,1.3975744,-0.9224255,-0.82242554,-0.052425537,2.1375744,0.26757446,-1.1024256,0.037574463,-0.9224255,-1.5524255,-1.7724255,-2.0224257,-1.5424255,-0.38242555,0.43757448,-0.35242555,0.8975745,0.99757445,2.2475746,2.8775744,1.6575744,-0.28242552,-0.82242554,-1.5224255
-5.6424255,-5.7524257,-5.7224255,-5.2924256,-4.4524255,-5.6324253,-5.7524257,-5.7124257,-5.1824255,-3.9424255,-2.7324255,-3.0224257,-2.5124254,-2.6424255,-2.5024254,-2.2024255,-2.0624256,-2.0824256,-2.1124256,-1.8524256,-1.7024255,-1.7724255,-1.8024255,-1.5524255,-1.3724256,-1.3824255,-1.1324255,-0.6724255,-0.122425534,0.19757447,0.28757447,0.5275745,0.7175745,0.56757444,-0.06242554,-0.032425538,-0.20242554,-0.24242553,-0.57242554,-1.0424255,-1.2024255,-1.4324255,-1.3824255,-1.5324255,-1.7524256,-0.9824255,0.39757445,0.99757445,1.1875745,1.5575745,1.1175745,1.0675745,0.67757446,-0.22242554,-0.8424255,-1.3724256,-1.5024256,-1.5824256
