public/wind/gfs.t18z.pgrb2.1p00.f000.json
{"header": { "discipline":0, "disciplineName":"Meteorological products", "gribEdition":2, "gribLength":24886, "center":7, "centerName":"US National Weather Service - NCEP(WMC)", "subcenter":0, "refTime":"2021-05-05T18:00:00.000Z", "significanceOfRT":1, "significanceOfRTName":"Start of forecast", "productStatus":0, "productStatusName":"Operational products", "productType":1, "productTypeName":"Forecast products", "productDefinitionTemplate":0, "productDefinitionTemplateName":"Analysis/forecast at horizontal level/layer at a point in time", "parameterCategory":2, "parameterCategoryName":"Momentum", "parameterNumber":3, "parameterNumberName":"V-component_of_wind", "parameterUnit":"m.s-1", "genProcessType":2, "genProcessTypeName":"Forecast", "forecastTime":0, "surface1Type":103, "surface1TypeName":"Specified height level above ground", "surface1Value":10.0, "surface2Type":255, "surface2TypeName":"Missing", "surface2Value":0.0, "gridDefinitionTemplate":0, "gridDefinitionTemplateName":"Latitude_Longitude", "numberPoints":16471, "shape":6, "shapeName":"Earth spherical with radius of 6,371,229.0 m", "gridUnits":"degrees", "resolution":48, "winds":"true", "scanMode":64, "nx":181, "ny":91, "basicAngle":0, "lo1":0.0, "la1":0.0, "lo2":180.0, "la2":90.0, "dx":1.0, "dy":1.0 }, "data":
[rows 0 to 25 of 91, columns 120 to 179 of 181]
-0.27437988,-1.3243799,-1.4943799,1.5556201,-1.2043799,0.38562012,2.24562,0.7056201,-0.75437987,-1.1443799,-1.9343799,-0.16437988,-1.2843798,1.1256201,0.6456201,0.015620117,0.20562011,0.4256201,0.5756201,0.6256201,0.49562013,0.40562013,0.2656201,0.23562011,0.7056201,0.80562013,0.8356201,0.35562012,0.3056201,-0.46437988,-0.89437985,-0.5543799,0.115620114,-0.40437987,-0.24437988,-0.27437988,-0.88437986,-1.5643799,-0.9643799,-1.8143799,-2.05438,-1.3943799,-0.8643799,0.0056201173,0.4856201,-0.22437988,-0.4143799,-0.23437989,0.015620117,0.3256201,1.0956202,0.4256201,0.67562014,0.73562014,-0.044379883,0.44562012,0.21562012,0.5656201,-0.4543799,-0.064379886
0.9656201,-0.5843799,1.0456201,1.9756202,1.7056202,-1.1743798,0.80562013,0.7556201,0.3056201,-0.94437987,-0.69437987,-1.2443799,-1.0943799,-0.3243799,-0.33437988,-0.14437988,0.015620117,0.23562011,0.2956201,-0.034379885,-0.11437988,0.7156201,0.31562012,0.6356201,0.3656201,0.6556201,0.28562012,0.55562013,0.8856201,0.4256201,1.3056201,0.9656201,0.7556201,0.21562012,0.20562011,-0.70437986,-1.2043799,-1.2343799,-2.2143798,-2.26438,-2.2343798,-1.2843798,-1.3843799,-0.69437987,-0.23437989,0.0056201173,0.24562012,0.7156201,1.3456202,0.25562012,-0.08437988,0.6356201,-0.17437989,1.1156201,0.7156201,-0.16437988,0.115620114,-0.7443799,0.05562012,-1.1243799
-0.4443799,1.0656201,-0.004379883,-1.6943799,-1.4943799,-0.034379885,-0.9743799,1.4856201,0.5956201,-0.7343799,-1.9943799,-1.4043798,-1.2843798,-1.1043799,-0.57437986,-0.3243799,-0.4443799,-0.40437987,-0.40437987,-0.5443799,0.13562012,0.7256201,0.7256201,0.60562015,0.67562014,1.8856201,1.3756201,1.6956201,1.6456201,1.6256201,1.3856201,1.2056202,1.1456201,0.3956201,-0.8343799,-1.2143799,-1.1443799,-1.8543799,-2.1243799,-2.49438,-2.07438,-2.03438,-1.5543799,-0.89437985,-0.09437988,-0.054379884,0.12562011,0.045620117,0.43562013,0.7656201,0.5056201,0.5656201,-0.07437988,-0.024379883,-0.09437988,-1.0843799,-0.8443799,-1.2043799,-0.7843799,-0.18437988
-2.54438,-0.69437987,-0.18437988,-2.7343798,-1.2743798,-1.1343799,-1.0243798,-2.3943799,-0.21437988,-0.8643799,-0.9143799,-1.1243799,-1.3343799,-0.9943799,-0.57437986,-0.88437986,-1.2643799,-0.25437987,-1.0943799,-0.034379885,0.105620116,1.2556201,1.2756201,1.2756201,1.6556201,2.24562,2.0156202,1.4956201,0.9056201,1.9456201,1.3456202,0.8156201,-2.59438,-0.4243799,-0.5443799,-0.13437988,-0.7743799,-0.6243799,-1.0243798,-1.6743798,-1.5743799,-1.0943799,-1.2443799,-0.17437989,0.045620117,0.4556201,0.8356201,0.4856201,0.25562012,0.41562012,-0.07437988,-0.70437986,-0.25437987,-1.6243799,-2.9243798,-2.30438,-2.08438,-2.03438,-1.1643798,-0.8543799
-2.82438,-1.0243798,0.17562012,-0.82437986,-2.7043798,-3.31438,-3.1343799,-2.55438,-1.3543799,-1.3943799,-1.1643798,-1.7343799,-1.3643799,-0.6143799,-0.20437989,-1.1443799,-2.08438,-2.31438,-1.6243799,-1.2043799,-0.3843799,0.14562012,0.2956201,1.1356201,1.4056201,1.7056202,1.4956201,1.0556201,1.2956201,2.19562,0.06562012,-1.2143799,-1.3943799,-3.77438,-0.8043799,0.06562012,-0.23437989,-0.8443799,-1.3143799,-1.1143799,-1.3543799,-2.02438,-1.9043798,-0.6243799,0.5856201,0.9156201,-0.43437988,-0.19437988,0.7256201,-0.16437988,-0.9343799,-1.7243799,-2.02438,-1.9943799,-2.08438,-2.51438,-2.7343798,-3.1543798,-2.76438,-2.80438
-1.4343799,-0.2643799,0.3056201,1.1156201,-2.2243798,-4.87438,-4.95438,-3.24438,-2.3743799,-2.54438,-2.7143798,-1.5343798,-1.1343799,-0.7143799,-1.2643799,-1.4743799,-2.51438,-2.1343799,-2.08438,-0.7743799,-0.3243799,-0.5243799,1.0256201,0.6356201,0.8856201,0.49562013,1.7956201,1.8956201,1.4356201,-0.23437989,-1.9243798,-2.9643798,-2.1743798,0.23562011,0.4256201,-0.43437988,-0.9943799,-1.2743798,-2.35438,-2.2343798,-2.00438,-1.5643799,-1.2643799,-0.7243799,-1.1943799,-0.09437988,-0.4243799,-0.49437988,-0.89437985,-0.4443799,-1.3943799,-2.26438,-2.81438,-2.55438,-2.4343798,-3.32438,-3.99438,-3.51438,-4.36438,-3.36438
-2.00438,-0.3543799,-0.19437988,0.40562013,-0.17437989,-2.6443799,-6.26438,-3.99438,-3.01438,-2.3743799,-2.34438,-1.9043798,-1.8743799,-2.10438,-2.6943798,-1.7343799,-1.6243799,-2.2143798,-2.60438,-0.94437987,-0.46437988,0.12562011,1.1156201,0.43562013,-0.054379884,0.12562011,0.08562012,0.7756201,-1.1843799,-2.08438,-0.49437988,2.5556202,-1.5843799,-2.9643798,-2.34438,-2.11438,-1.5443798,-2.6343799,-3.49438,-3.82438,-2.9643798,-2.1243799,-1.8943799,-1.8643799,-1.1343799,-0.19437988,-1.3443799,-0.75437987,-0.7343799,-1.9943799,-1.6343799,-2.1443799,-2.4843798,-2.9043798,-2.6743798,-3.02438,-3.4443798,-4.16438,-5.19438,-4.07438
-3.75438,-5.73438,-0.34437987,-1.2243799,-0.8643799,0.2956201,-1.8943799,-4.94438,-2.8743799,-3.2043798,-2.59438,-1.7943798,-1.8243799,-1.6343799,-1.6943799,-2.53438,-3.24438,-3.32438,-2.9543798,-1.8443799,-1.2543799,-0.89437985,-0.5943799,-0.024379883,-0.46437988,-0.49437988,-0.23437989,-1.0443798,-1.4743799,-0.5543799,-1.7143799,-1.1243799,-3.04438,-3.05438,-2.50438,-2.9443798,-2.06438,-2.9843798,-2.4743798,-3.1443799,-4.19438,-2.9343798,-3.34438,-3.7143798,-3.52438,-2.35438,-3.02438,-2.06438,-1.5343798,-2.31438,-2.34438,-2.1343799,-2.6543798,-3.3943799,-3.9843798,-4.0843797,-2.4243798,-3.27438,-3.03438,-4.65438
-2.51438,-4.3143797,-6.0243797,-0.7343799,-0.33437988,-0.9143799,-1.5843799,-2.86438,-2.9443798,-2.79438,-2.09438,-1.9343799,-1.6643798,-1.4543799,-1.2343799,-2.74438,-4.17438,-3.75438,-3.75438,-3.09438,-2.6743798,-2.1743798,-1.3843799,-1.9643799,-0.4443799,-0.34437987,-0.95437986,-2.3743799,-2.50438,-2.4443798,-2.7343798,-2.24438,-3.1943798,-3.53438,-3.1243799,-3.2143798,-2.6243799,-3.11438,-3.4443798,-3.81438,-3.1643798,-4.22438,-4.17438,-3.8943799,-4.0043797,-2.4843798,-0.9243799,-2.50438,-2.2143798,-2.4143798,-2.2243798,-2.61438,-3.4243798,-3.51438,-3.1343799,-3.4043798,-2.9743798,-1.7343799,-2.03438,-3.04438
-3.74438,-5.5043797,-6.3343797,-4.37438,-6.7543797,1.6456201,-0.51437986,-2.6743798,-2.54438,-3.1443799,-2.34438,-2.3843799,-1.9143798,-0.8143799,-1.5643799,-3.27438,-4.18438,-4.67438,-4.70438,-4.03438,-4.07438,-3.6243799,-3.2143798,-2.09438,-1.9843799,-1.5343798,-1.8643799,-1.8543799,-2.32438,-2.3943799,-2.32438,-2.51438,-2.34438,-2.4543798,-2.9043798,-3.4143798,-3.29438,-3.28438,-3.8743799,-3.1543798,-3.1943798,-2.9143798,-3.55438,-3.83438,-3.4443798,-3.4243798,-3.29438,-2.56438,-2.2143798,-2.61438,-2.07438,-2.9343798,-2.6943798,-2.77438,-3.58438,-3.34438,-2.32438,-2.75438,-1.3843799,-1.4343799
-5.07438,-3.36438,-6.91438,-1.1043799,-1.5643799,-1.7843798,-1.5643799,-2.61438,-3.1543798,-3.28438,-3.1243799,-2.57438,-2.49438,-1.0943799,-1.9243798,-3.34438,-3.1943798,-3.58438,-4.59438,-4.7743797,-4.67438,-4.72438,-3.9343798,-3.9443798,-3.9143798,-2.80438,-2.99438,-2.80438,-2.4343798,-2.26438,-2.2243798,-2.3743799,-2.1243799,-2.1643798,-2.4643798,-2.8843799,-3.29438,-3.00438,-2.80438,-2.6343799,-1.3743799,-2.6343799,-2.84438,-3.07438,-3.49438,-3.83438,-3.99438,-3.4743798,-3.2343798,-1.8043799,-2.3943799,-3.2343798,-2.4543798,-2.6443799,-3.3943799,-2.6343799,-2.4043798,-1.9943799,-2.1243799,-2.03438
-6.2543797,-8.07438,-0.75437987,-3.3943799,-2.1943798,-2.7143798,-2.7343798,-2.9043798,-3.08438,-2.78438,-2.33438,-1.6543798,-2.05438,-1.6143799,-1.9243798,-2.9543798,-3.59438,-4.05438,-3.80438,-3.99438,-4.48438,-4.3543797,-4.0043797,-4.05438,-3.55438,-3.35438,-2.99438,-2.86438,-2.74438,-3.01438,-3.09438,-3.26438,-3.2143798,-2.84438,-2.86438,-3.07438,-3.01438,-3.4443798,-3.03438,-3.6943798,-2.31438,-3.00438,-2.8843799,-3.1843798,-3.29438,-3.7143798,-3.51438,-2.8843799,-3.04438,-3.86438,-2.7243798,-2.84438,-2.9843798,-3.4143798,-3.58438,-3.1943798,-2.6343799,-2.6543798,-2.59438,-2.4443798
-1.5843799,-5.99438,-2.32438,-3.9143798,-2.4443798,-0.9243799,-2.1443799,-2.4243798,-2.81438,-2.80438,-2.4743798,-2.3843799,-1.5943799,-0.9043799,-1.5343798,-2.06438,-3.30438,-3.35438,-3.1943798,-3.51438,-3.9743798,-3.7143798,-3.27438,-3.09438,-3.08438,-2.54438,-2.4343798,-2.31438,-2.4143798,-2.6843798,-3.02438,-2.6543798,-2.6943798,-2.75438,-2.6643798,-3.07438,-3.4643798,-4.12438,-3.57438,-3.55438,-2.75438,-3.1643798,-2.57438,-2.52438,-2.9543798,-3.11438,-2.9643798,-2.6243799,-3.1543798,-2.06438,-2.26438,-1.9843799,-2.34438,-2.8743799,-3.2243798,-3.60438,-3.82438,-3.6643798,-3.6343799,-3.1943798
-2.53438,-1.5643799,-5.87438,-1.7243799,-2.58438,-2.6943798,-2.1943798,-2.1943798,-2.52438,-2.6643798,-2.28438,-2.3843799,-2.05438,-2.2343798,-0.8143799,-1.1143799,-2.1943798,-2.6743798,-2.6843798,-2.2343798,-2.49438,-3.10438,-3.3943799,-3.1543798,-3.02438,-2.8743799,-2.35438,-2.28438,-2.09438,-1.9743799,-2.1243799,-2.2343798,-2.1343799,-2.7043798,-2.35438,-2.2043798,-2.9343798,-3.6843798,-3.4543798,-3.7143798,-2.8743799,-3.09438,-3.33438,-1.7543799,-2.58438,-2.75438,-2.10438,-2.1543798,-1.8143799,-1.9043798,-2.4343798,-2.4443798,-2.4643798,-2.75438,-2.4343798,-2.9543798,-2.78438,-3.7243798,-3.6843798,-3.24438
-3.1243799,-1.1043799,-3.6743798,-2.1743798,-1.4343799,-3.1843798,-3.02438,-3.08438,-3.3843799,-2.6943798,-1.8543799,-1.8043799,-2.4643798,-1.8143799,-1.7243799,-1.9243798,-1.4743799,-1.7043799,-2.04438,-2.24438,-2.1543798,-2.61438,-1.9343799,-2.10438,-2.08438,-2.2043798,-2.10438,-2.1443799,-1.9843799,-1.5243798,-1.3343799,-1.2043799,-1.5543799,-1.2443799,-1.4443799,-1.4943799,-2.1343799,-3.03438,-3.80438,-3.7243798,-3.2043798,-2.76438,-2.74438,-2.9843798,-1.3843799,-2.24438,-2.02438,-0.9743799,-1.1543798,-1.9343799,-1.5643799,-2.6743798,-1.8343799,-2.1943798,-2.4343798,-2.27438,-2.31438,-3.1243799,-4.0643797,-4.43438
0.37562013,-1.2943798,-2.32438,-2.6643798,-2.6343799,-2.35438,-2.82438,-2.9643798,-2.8943799,-2.3743799,-1.6843799,-1.8643799,-1.4743799,-1.7743798,-1.8843799,-1.6843799,-1.7443799,-1.9343799,-2.06438,-2.51438,-2.74438,-2.6243799,-2.28438,-1.5143799,-1.9243798,-1.4143798,-1.5343798,-1.5743799,-2.4143798,-2.26438,-1.7743798,-1.0543799,-1.0043799,-1.0943799,-0.8543799,-1.2943798,-1.0843799,-1.3243799,-2.80438,-3.2243798,-3.4543798,-2.9443798,-3.6543798,-2.75438,-2.2343798,-2.30438,-2.08438,-1.5743799,-1.6643798,-1.6743798,-1.5443798,-1.5343798,-2.1543798,-2.3943799,-2.00438,-2.2043798,-3.04438,-3.54438,-3.9443798,-4.22438
0.8856201,-2.05438,-3.9043798,-1.8543799,-1.5043799,-1.7843798,-2.11438,-2.77438,-2.75438,-2.6443799,-2.6443799,-1.6843799,-1.8343799,-1.9843799,-1.5843799,-1.6943799,-2.4043798,-2.03438,-2.07438,-1.9043798,-2.3743799,-2.50438,-2.82438,-2.50438,-2.4343798,-2.24438,-1.9043798,-2.1843798,-2.4243798,-2.4843798,-2.28438,-2.77438,-2.26438,-1.9443799,-2.09438,-1.3943799,-1.0743799,-0.6243799,-1.0843799,-1.3443799,-2.80438,-2.85438,-3.9843798,-3.31438,-2.77438,-1.9443799,-2.4843798,-1.8043799,-1.8443799,-2.29438,-1.2443799,-1.1143799,-1.5643799,-2.08438,-2.6643798,-2.4843798,-2.81438,-2.9843798,-3.4843798,-3.7043798
0.7556201,0.08562012,0.8856201,0.3356201,0.115620114,-1.1643798,-1.9543799,-2.27438,-2.4143798,-1.8943799,-1.6843799,-1.9643799,-1.2443799,-1.7743798,-1.6943799,-1.6943799,-1.9543799,-2.26438,-2.52438,-2.2043798,-2.11438,-2.57438,-2.1943798,-1.8943799,-2.33438,-1.3543799,-0.9043799,-1.3943799,-1.8143799,-2.24438,-2.49438,-2.2043798,-1.6243799,-1.1843799,-1.6443799,-1.1243799,-1.9943799,-1.7543799,-1.3443799,-0.7143799,-1.1343799,-2.1643798,-2.25438,-3.09438,-2.03438,-2.08438,-1.6643798,-1.7943798,-1.4843799,-1.7843798,-1.5043799,-0.95437986,-1.5443798,-1.1743798,-1.6943799,-2.11438,-2.6543798,-3.1643798,-3.61438,-3.28438
0.5656201,0.2656201,0.24562012,2.3656201,0.06562012,-0.054379884,-1.3743799,-2.34438,-2.1943798,-1.7343799,-1.6143799,-1.6043799,-1.3543799,-1.0743799,-1.9443799,-1.7243799,-2.03438,-1.8443799,-1.9243798,-2.35438,-2.59438,-2.26438,-2.03438,-2.2043798,-3.07438,-2.1843798,-1.8443799,-1.7043799,-1.5643799,-1.6243799,-2.1343799,-1.3943799,-1.0343798,-0.69437987,-0.7843799,-1.1443799,-1.2343799,-2.33438,-2.10438,-1.8643799,-1.0243798,-0.11437988,-1.5843799,-2.09438,-2.57438,-2.34438,-1.8343799,-1.6743798,-1.8343799,-1.6743798,-1.0643799,-0.5843799,-1.1343799,-0.88437986,-1.0843799,-2.01438,-2.6443799,-2.9243798,-3.32438,-3.4343798
-5.47438,1.2556201,3.92562,3.13562,1.0656201,0.015620117,-0.6743799,-0.7843799,-1.4443799,-1.8043799,-1.3143799,-0.9243799,-1.0743799,-1.0443798,-1.6443799,-1.6343799,-2.09438,-2.78438,-1.7343799,-1.7443799,-1.3343799,-2.36438,-2.2143798,-1.7143799,-1.6343799,-1.9943799,-1.5543799,-0.9843799,-0.8443799,-1.3643799,-1.2143799,-1.1543798,-1.0343798,-1.2943798,-1.5043799,-1.5743799,-2.59438,-2.2343798,-1.6943799,-2.3743799,-2.3843799,-1.2143799,-0.8043799,-1.5543799,-1.8043799,-2.25438,-1.7643799,-1.0943799,-1.1943799,-1.4043798,-0.8543799,-0.69437987,-0.49437988,-0.6843799,-1.3643799,-2.02438,-1.7143799,-2.33438,-2.9643798,-2.9343798
-2.50438,-1.1143799,1.0956202,2.68562,0.5656201,0.74562013,1.0956202,-0.4843799,-0.20437989,-1.2743798,-1.1743798,-0.89437985,-0.6843799,-0.8043799,-1.1443799,-1.0943799,-1.7143799,-1.7043799,-1.9743799,-2.35438,-2.04438,-1.8743799,-2.1243799,-2.3743799,-1.6243799,-1.7943798,-2.02438,-2.00438,-1.8843799,-1.0843799,-1.9843799,-2.1343799,-2.10438,-2.29438,-2.1843798,-2.74438,-3.4743798,-3.1243799,-2.4043798,-1.7543799,-1.8543799,-2.4743798,-1.5243798,-1.4143798,-1.8643799,-1.4143798,-1.7943798,-1.2043799,-0.9043799,-0.8543799,-0.9743799,-0.76437986,-1.0043799,-1.1143799,-1.1143799,-1.4143798,-1.3343799,-1.4743799,-2.2243798,-3.1443799
-3.9043798,-5.24438,0.22562012,0.3256201,2.15562,0.99562013,0.9456201,1.0356201,0.7856201,0.09562012,-0.7343799,-0.11437988,0.35562012,-0.4443799,-0.82437986,-1.3743799,-0.63437986,-1.3043799,-0.8143799,-1.9043798,-2.9143798,-2.52438,-1.6443799,-1.3343799,-1.7643799,-1.5843799,-1.5443798,-2.00438,-2.11438,-2.03438,-2.1743798,-2.79438,-2.9743798,-3.1743798,-2.74438,-2.27438,-3.07438,-3.55438,-3.7343798,-3.27438,-1.8543799,-1.4543799,-1.9443799,-2.6743798,-2.6643798,-2.4143798,-1.3443799,-1.1743798,-0.8143799,-0.23437989,-0.034379885,-0.3243799,-0.43437988,-1.1043799,-1.5743799,-1.2843798,-0.9943799,-1.2343799,-1.8943799,-2.36438
-0.8043799,-10.02438,-7.17438,0.47562012,0.3356201,2.94562,1.6356201,1.3956201,1.3356202,0.92562014,0.99562013,1.3856201,1.1256201,0.6556201,0.7256201,-0.43437988,-0.8643799,-0.9643799,-1.2543799,-1.5643799,-1.4743799,-1.1743798,-2.1743798,-0.4843799,-0.9743799,-1.1543798,-1.1143799,-1.2443799,-2.02438,-2.6443799,-2.84438,-3.32438,-3.54438,-3.1943798,-3.05438,-2.4543798,-2.9343798,-2.9243798,-3.99438,-3.9843798,-3.58438,-2.1643798,-1.5043799,-0.9943799,-2.2143798,-2.6243799,-2.3743799,-1.0643799,-0.5843799,0.015620117,0.31562012,-0.5343799,-0.5343799,-0.9643799,-1.0843799,-1.4943799,-1.2943798,-2.30438,-3.2043798,-3.58438
-5.76438,-0.16437988,-6.21438,0.23562011,1.7256202,-0.16437988,1.9456201,1.7656201,1.6156201,1.6956201,1.4956201,1.6456201,1.8056201,1.2356201,-0.07437988,-0.4843799,0.075620115,-0.25437987,-1.0143799,-0.88437986,-0.39437988,-0.43437988,-0.5643799,-1.4843799,-0.7843799,-0.51437986,-1.1843799,-0.46437988,-0.39437988,-0.82437986,-1.1043799,-1.9743799,-1.9543799,-2.09438,-3.1443799,-3.24438,-3.54438,-3.01438,-3.74438,-4.17438,-4.26438,-3.33438,-3.2143798,-2.31438,-1.4443799,-1.9843799,-2.34438,-1.8343799,-0.43437988,0.16562012,-0.9643799,-0.6543799,-0.3843799,-0.6543799,-0.70437986,-0.75437987,-0.9943799,-1.9343799,-2.8943799,-3.1743798
-9.97438,-0.21437988,-7.72438,-0.8743799,-0.5943799,0.47562012,1.3156201,2.0656202,2.48562,2.6256201,3.0756202,2.72562,2.5656202,2.94562,2.71562,1.3056201,0.7256201,0.92562014,0.5256201,0.2756201,-0.3843799,-1.2743798,-1.5543799,-0.004379883,-1.7643799,-0.6243799,-1.1243799,-1.6543798,-0.75437987,-1.0043799,-1.5043799,-2.01438,-2.34438,-1.8743799,-1.4243798,-3.24438,-3.83438,-3.9843798,-3.4343798,-4.17438,-4.0443797,-4.23438,-3.3943799,-3.31438,-3.52438,-3.00438,-1.7243799,-1.3043799,-0.7343799,-0.7943799,0.6956201,-0.014379883,0.41562012,0.7856201,-0.024379883,-0.7843799,0.9556201,-0.014379883,-2.06438,-2.9643798
-9.28438,-4.90438,-0.64437985,-2.11438,-0.044379883,-0.09437988,-0.09437988,0.9456201,1.7856201,3.1156201,4.21562,4.53562,4.10562,4.40562,4.2056203,3.1156201,2.42562,2.45562,3.0156202,2.3256202,1.4056201,1.6356201,0.3956201,-0.21437988,-0.8643799,-0.63437986,-0.5543799,-0.23437989,-0.4543799,-0.7243799,-2.4443798,-2.35438,-3.55438,-5.28438,-3.4043798,-1.8343799,-3.05438,-4.82438,-5.24438,-5.3343797,-5.05438,-3.8743799,-3.9843798,-3.9243798,-3.01438,-2.8843799,-2.56438,-1.4343799,-0.9843799,-1.0643799,-0.75437987,-0.24437988,1.1656201,0.28562012,0.6856201,0.35562012,0.54562014,0.105620116,-0.18437988,-1.9743799
