public/wind/gfs.t18z.pgrb2.1p00.f000.json
{"header": { "discipline":0, "disciplineName":"Meteorological products", "gribEdition":2, "gribLength":24886, "center":7, "centerName":"US National Weather Service - NCEP(WMC)", "subcenter":0, "refTime":"2021-05-05T18:00:00.000Z", "significanceOfRT":1, "significanceOfRTName":"Start of forecast", "productStatus":0, "productStatusName":"Operational products", "productType":1, "productTypeName":"Forecast products", "productDefinitionTemplate":0, "productDefinitionTemplateName":"Analysis/forecast at horizontal level/layer at a point in time", "parameterCategory":2, "parameterCategoryName":"Momentum", "parameterNumber":2, "parameterNumberName":"U-component_of_wind", "parameterUnit":"m.s-1", "genProcessType":2, "genProcessTypeName":"Forecast", "forecastTime":0, "surface1Type":103, "surface1TypeName":"Specified height level above ground", "surface1Value":10.0, "surface2Type":255, "surface2TypeName":"Missing", "surface2Value":0.0, "gridDefinitionTemplate":0, "gridDefinitionTemplateName":"Latitude_Longitude", "numberPoints":16471, "shape":6, "shapeName":"Earth spherical with radius of 6,371,229.0 m", "gridUnits":"degrees", "resolution":48, "winds":"true", "scanMode":64, "nx":181, "ny":91, "basicAngle":0, "lo1":0.0, "la1":0.0, "lo2":180.0, "la2":90.0, "dx":1.0, "dy":1.0 }, "data":
[rows 0 to 25 of 91, columns 116 to 173 of 181]
-0.48242554,0.30757445,-0.56242555,1.9575745,0.037574463,-0.6624255,-5.5224257,-4.6924257,-3.0224257,-2.1524255,-1.6224256,-1.9224255,-3.0024254,-2.4924254,-2.1724255,-2.3824255,-3.9024255,-3.5524256,-2.1624255,-1.9424255,-1.6524255,-1.2624255,-1.4324255,-1.3324256,-0.96242553,-0.6024255,-1.0224255,-0.8424255,-0.6524255,-0.64242554,-0.34242553,-0.74242556,-0.36242554,-1.2624255,-2.3124256,-2.7024255,-3.4424255,-4.9724255,-5.6124253,-5.9124255,-6.3724256,-6.7724257,-6.7224255,-6.1324253,-6.4424257,-6.2624254,-6.7224255,-6.8224254,-6.7424254,-7.4124255,-7.7624254,-7.6624255,-8.142426,-8.392426,-6.8224254,-8.012425,-6.8224254,-6.9824257
0.20757446,-0.35242555,0.66757447,-0.36242554,0.73757446,-0.36242554,0.8375745,0.15757446,-0.9124255,0.79757446,-1.7124256,-1.5924256,-0.7924255,-2.3824255,-2.5924256,-3.3024256,-3.0924256,-2.9124255,-2.6424255,-2.3624256,-1.8924255,-1.8424256,-1.7124256,-1.2324256,-0.80242556,-0.49242553,-0.43242553,-0.06242554,0.037574463,-0.7824255,-1.3124255,-0.77242553,-0.6724255,-1.4924256,-2.0724256,-2.8924255,-3.9424255,-5.1924257,-5.3924255,-6.4924254,-6.5324254,-6.8924255,-7.2524257,-6.8424253,-6.4324255,-7.5024257,-6.2924256,-6.3724256,-6.7324257,-7.4624257,-7.6224256,-7.0624256,-7.3424253,-7.2324257,-6.9524255,-7.3924255,-6.6424255,-7.0424256
-0.19242553,0.61757445,3.4675744,-3.2724257,-4.0224257,-4.8924255,-5.0524254,-5.2524257,-4.5924253,-5.3024254,-4.2324257,-2.0824256,-2.8124256,-3.9924254,-5.1424255,-4.4124255,-4.2824254,-3.1324255,-2.9924254,-2.6924255,-2.8024256,-2.5124254,-2.0324256,-2.5524256,-1.3724256,-1.7924255,-0.56242555,-0.83242553,-0.8524255,-1.5824256,-2.1624255,-1.3424256,-1.5624255,-1.4824256,-2.5124254,-3.9124255,-4.4624257,-5.7224255,-6.2324257,-6.6924257,-6.8024254,-7.8024254,-7.3124256,-6.9624257,-6.9824257,-6.6324253,-7.0924253,-7.6024256,-7.4624257,-7.2924256,-7.0624256,-7.1224256,-7.4124255,-7.7224255,-7.4124255,-7.4924254,-7.0524254,-7.0124254
0.87757444,1.0075744,3.5575745,-3.2524254,-4.9924254,-7.4724255,-7.0524254,-6.9624257,-6.9424257,-6.5524254,-7.0624256,-6.7724257,-7.4224257,-5.5624256,-5.5524254,-5.6624255,-4.6024256,-4.0924253,-3.8424256,-3.1424255,-2.3124256,-3.4724255,-2.8024256,-1.9524255,-2.1724255,-1.5124255,-0.89242554,-1.3524256,-1.9124255,-2.3224256,-2.5624256,-3.5524256,-3.0124254,-2.6224256,-3.8224256,-5.1824255,-5.6324253,-6.7424254,-7.0724254,-6.3424253,-7.4124255,-7.8924255,-7.4224257,-7.2124257,-7.2524257,-7.0524254,-7.2424254,-7.4124255,-7.7124257,-7.1924257,-7.4124255,-7.9124255,-7.5724254,-7.1724257,-8.402426,-7.7024255,-8.292425,-8.172425
1.0375744,0.72757447,4.5875745,1.2575744,-3.5824256,-8.032426,-9.342425,-8.772426,-9.442426,-8.892426,-7.0324254,-7.3924255,-7.3124256,-7.3524256,-5.7624254,-5.6124253,-5.1924257,-4.6624255,-4.9824257,-3.8824255,-3.4824255,-3.8024256,-3.6324255,-3.6824255,-2.8724256,-3.2324255,-3.0124254,-2.3424256,-3.1924255,-2.8824255,-3.9424255,-4.0224257,-4.4524255,-4.8624253,-6.3824253,-9.6824255,-5.1324253,-6.3924255,-7.2924256,-7.4124255,-7.8724256,-7.2924256,-7.3724256,-7.4724255,-7.1924257,-8.192426,-7.5724254,-7.4324255,-7.4324255,-7.7624254,-7.5224257,-7.5924253,-7.5424256,-8.252425,-8.952426,-8.762425,-8.272426,-8.752425
-0.50242555,0.45757446,0.99757445,0.8975745,-0.29242554,-2.8524256,-6.0524254,-8.202426,-10.042425,-9.872425,-7.7124257,-6.8624253,-7.1824255,-7.1724257,-6.8624253,-6.0624256,-5.5324254,-5.6824255,-4.9824257,-4.5624256,-4.8124256,-5.2124257,-4.1224256,-4.3524256,-5.0124254,-4.2724257,-4.0824256,-3.9124255,-3.9424255,-4.6224256,-4.5924253,-4.7324257,-6.0624256,-7.7824254,-9.382425,-9.082425,-6.7124257,-7.5924253,-6.902426,-8.842425,-8.422425,-8.162426,-8.082425,-7.7824254,-7.4624257,-7.2324257,-7.5924253,-7.9324255,-7.5624256,-7.3324256,-8.102426,-8.072426,-7.5524254,-9.752425,-9.662426,-9.552425,-8.962425,-8.692426
-1.6524255,0.75757444,-0.012425537,-1.8724256,-0.99242556,0.07757446,1.2175745,1.7575744,-0.58242553,0.42757446,-6.2524257,-6.7624254,-7.0024257,-7.2024255,-6.3924255,-5.5824256,-5.9824257,-5.5524254,-6.0524254,-5.7524257,-4.5524254,-6.3724256,-6.6924257,-5.9624257,-5.6624255,-4.7424254,-5.1924257,-5.4224257,-5.3624253,-5.2724257,-5.8124256,-7.0824256,-7.4324255,-9.202426,-10.762425,-5.5324254,-8.512425,-8.472425,-8.272426,-9.222425,-8.712425,-8.712425,-8.322426,-7.652426,-7.7924256,-7.7924256,-7.7624254,-7.8924255,-8.352426,-8.362426,-8.282426,-8.562426,-9.262425,-9.752425,-9.862426,-9.382425,-8.692426,-9.442426
-8.502425,-5.2724257,-4.8224254,-4.8724256,-3.8824255,-4.8024254,-0.52242553,-4.7024255,-6.0224257,-1.3124255,0.067574464,-5.3324256,-7.0724254,-6.402426,-6.2524257,-5.9324255,-6.2624254,-6.5524254,-6.3224254,-5.7624254,-5.4524255,-7.1024256,-7.9824257,-7.5824256,-6.0324254,-5.4224257,-5.8624253,-6.3024254,-6.3124256,-7.9224257,-8.172425,-8.072426,-9.4324255,-9.502425,-9.952426,-9.412426,-9.112426,-9.062426,-8.982426,-9.702426,-9.092425,-8.6824255,-8.112426,-8.702426,-8.022426,-8.1824255,-8.902426,-8.752425,-8.142426,-9.272426,-8.9324255,-9.552425,-9.9324255,-9.552425,-9.732426,-9.4324255,-8.992426,-8.712425
-7.4624257,-5.6324253,-6.4124255,-3.6724255,-4.1024256,-5.9724255,-9.832425,-0.9224255,-0.8424255,0.56757444,-0.51242554,-5.5824256,-6.3224254,-6.8724256,-6.9624257,-6.8424253,-6.2924256,-7.8524256,-6.6124253,-6.1624255,-6.8824253,-7.6924257,-8.322426,-8.282426,-6.6424255,-6.9424257,-6.8324256,-7.4424257,-8.872425,-9.952426,-8.592425,-9.702426,-9.922425,-10.002425,-9.882425,-9.352426,-9.082425,-9.522426,-9.722425,-9.192426,-9.102426,-8.822426,-9.062426,-9.092425,-8.592425,-7.7424254,-8.752425,-8.902426,-8.852426,-9.072426,-8.772426,-9.282426,-9.952426,-9.592425,-9.322426,-9.632425,-8.852426,-8.712425
-5.1724257,-0.47242555,-1.8324256,-4.7924256,-7.0024257,-7.2524257,-7.4324255,-7.5024257,-7.9924254,-4.1424255,0.39757445,-6.2824254,-6.8924255,-7.1324253,-6.7924256,-7.1924257,-8.1824255,-7.8024254,-7.7724257,-6.9124255,-7.2224255,-8.332425,-8.482426,-9.132425,-8.372425,-8.642426,-8.772426,-9.132425,-10.582425,-10.232426,-10.062426,-10.232426,-10.292425,-10.242426,-10.082425,-10.122425,-10.382425,-9.912426,-9.502425,-9.382425,-9.392426,-9.602426,-8.952426,-9.642426,-9.532426,-8.282426,-8.482426,-9.032426,-8.852426,-8.732426,-9.492426,-9.6824255,-9.9324255,-9.202426,-9.762425,-9.982426,-9.412426,-8.992426
-7.3524256,-7.2224255,-7.4624257,-1.5924256,-6.9624257,-8.062426,-8.352426,-4.0524254,-4.9624257,-6.2824254,-6.152426,-7.3924255,-7.6224256,-7.6324253,-7.4424257,-7.4824257,-7.9424257,-8.392426,-8.242426,-7.2624254,-7.9624257,-8.772426,-9.232426,-9.002425,-9.212425,-9.502425,-10.022426,-10.002425,-10.262425,-10.822426,-10.222425,-10.412426,-10.842425,-10.962425,-10.732426,-11.1824255,-11.202426,-10.842425,-10.192426,-9.972425,-10.002425,-10.202426,-9.882425,-9.392426,-8.842425,-8.842425,-8.342425,-9.502425,-9.052425,-9.022426,-9.992426,-10.082425,-10.032426,-9.292425,-9.842425,-9.9324255,-9.222425,-9.232426
-7.6024256,-7.6324253,-8.852426,-8.832425,-9.102426,-9.452426,-3.1024256,-8.492426,-3.5224257,-3.7524254,-7.7724257,-7.6624255,-7.5424256,-7.8524256,-8.272426,-8.002425,-7.8824253,-8.892426,-7.8424253,-7.4324255,-8.172425,-8.832425,-9.472425,-9.722425,-9.752425,-9.952426,-10.252425,-10.162426,-10.502425,-10.442426,-10.922425,-10.812426,-11.132425,-10.792425,-10.862426,-10.512425,-10.712425,-10.6824255,-10.572426,-10.752425,-10.212425,-9.382425,-10.322426,-9.972425,-9.772426,-9.562426,-9.1824255,-9.152426,-9.532426,-8.492426,-9.522426,-10.162426,-9.882425,-9.332425,-10.112426,-10.242426,-9.752425,-8.972425
-5.8624253,-5.652426,-3.6724255,-8.112426,-3.0924256,-9.772426,-8.772426,-8.012425,-6.1624255,-2.5124254,-7.8924255,-7.8424253,-7.7224255,-8.342425,-8.382425,-8.262425,-7.9124255,-8.202426,-8.122425,-8.622425,-8.6824255,-8.862426,-9.042425,-9.752425,-10.072426,-9.902426,-10.072426,-9.912426,-9.662426,-10.192426,-10.482426,-10.832425,-10.922425,-10.892426,-10.522426,-10.532426,-10.342425,-10.592425,-10.552425,-10.722425,-9.912426,-9.872425,-10.012425,-9.462425,-9.602426,-9.342425,-9.552425,-9.692426,-9.502425,-8.892426,-9.472425,-10.002425,-9.482426,-10.072426,-9.472425,-9.732426,-9.712425,-9.832425
-6.3224254,-5.5124254,-6.4324255,-8.342425,-4.9224257,-3.6424255,-5.6624255,-3.7424254,-4.8424253,-8.572426,-8.082425,-7.9824257,-8.032426,-8.382425,-8.632425,-8.732426,-8.592425,-9.402426,-8.642426,-8.482426,-8.6824255,-9.002425,-9.122425,-9.702426,-9.502425,-9.572426,-9.762425,-9.282426,-9.862426,-9.712425,-10.232426,-10.462425,-10.612426,-10.592425,-10.492426,-10.4324255,-10.592425,-10.542425,-10.582425,-10.442426,-10.452426,-9.962425,-9.422425,-9.522426,-9.532426,-9.042425,-9.852426,-9.922425,-9.812426,-9.662426,-9.942426,-9.532426,-9.482426,-9.752425,-9.892426,-9.942426,-9.392426,-9.342425
-5.2424254,-4.2424254,-4.5524254,-8.422425,-10.172425,-1.3224255,-5.7924256,-4.3224254,-6.5624256,-7.9524255,-8.102426,-8.922425,-8.672425,-8.852426,-9.082425,-8.922425,-8.402426,-9.242426,-8.912426,-9.382425,-9.172425,-9.592425,-9.512425,-9.192426,-9.392426,-9.542425,-9.652426,-9.792425,-9.952426,-10.042425,-10.252425,-10.232426,-10.542425,-10.322426,-10.512425,-10.652426,-10.702426,-10.6824255,-10.062426,-10.382425,-10.512425,-10.142426,-9.722425,-9.662426,-9.622425,-9.6824255,-9.242426,-10.192426,-9.912426,-10.072426,-9.602426,-9.302425,-9.922425,-10.632425,-10.372425,-9.522426,-10.022426,-10.092425
-5.5324254,-3.7724257,-2.9424255,-3.5224257,-5.3424253,-3.9624255,-4.6324253,-7.3524256,-7.9324255,-8.122425,-8.102426,-8.172425,-8.122425,-9.142426,-9.012425,-9.072426,-9.192426,-9.382425,-9.112426,-9.662426,-9.612426,-9.542425,-9.652426,-9.762425,-9.812426,-10.102426,-9.982426,-10.052425,-10.282426,-10.332425,-10.4324255,-10.642426,-10.532426,-10.572426,-10.632425,-10.452426,-10.572426,-10.172425,-9.882425,-10.322426,-10.582425,-10.002425,-10.352426,-9.762425,-9.652426,-9.692426,-9.532426,-9.782426,-9.842425,-10.052425,-10.002425,-9.252425,-9.352426,-9.942426,-9.1824255,-10.192426,-9.772426,-10.712425
-5.8324256,-4.7224255,-2.9424255,-2.6824255,-2.0024254,-1.4724256,-4.902426,-6.0224257,-7.2224255,-7.2524257,-7.6624255,-8.202426,-8.302425,-8.382425,-9.162426,-9.792425,-9.482426,-9.4324255,-9.472425,-9.812426,-10.052425,-9.862426,-9.952426,-9.942426,-9.882425,-10.292425,-10.372425,-10.402426,-10.612426,-10.772426,-10.652426,-10.662426,-10.542425,-10.772426,-10.842425,-10.822426,-10.402426,-10.242426,-10.402426,-10.172425,-10.322426,-10.202426,-10.812426,-9.792425,-9.642426,-9.162426,-9.252425,-9.562426,-9.662426,-9.602426,-9.392426,-8.912426,-9.492426,-8.892426,-9.522426,-9.392426,-9.992426,-10.582425
-5.9224257,-5.6324253,-4.5824256,-1.8024255,-1.0424255,-0.95242554,-1.5524255,-4.7124257,-6.902426,-7.2624254,-7.1824255,-7.9124255,-8.202426,-8.582425,-9.622425,-9.422425,-9.812426,-9.552425,-9.612426,-9.752425,-10.112426,-9.952426,-10.302425,-10.242426,-9.762425,-9.982426,-10.262425,-10.282426,-10.692426,-10.712425,-10.472425,-10.422425,-10.1824255,-9.852426,-10.232426,-10.262425,-10.042425,-9.652426,-10.222425,-10.272426,-10.092425,-10.032426,-9.9324255,-9.792425,-9.312426,-9.402426,-10.012425,-9.042425,-9.482426,-8.892426,-8.6824255,-8.812426,-8.752425,-8.872425,-9.692426,-9.752425,-10.512425,-11.252425
-6.0024257,-6.0424256,-5.7424254,-5.9224257,-1.6924255,-1.3224255,-1.8524256,-5.5324254,-6.152426,-7.0424256,-6.7924256,-7.7024255,-7.8524256,-7.9824257,-8.412426,-9.202426,-9.762425,-9.612426,-9.632425,-9.082425,-9.602426,-10.272426,-10.312426,-10.192426,-9.632425,-9.822426,-10.052425,-10.402426,-10.372425,-10.942426,-10.422425,-10.002425,-9.482426,-9.102426,-9.282426,-9.722425,-9.702426,-8.582425,-9.422425,-10.352426,-10.092425,-9.102426,-9.1824255,-8.722425,-9.082425,-9.352426,-8.772426,-8.992426,-8.752425,-8.642426,-8.612426,-8.752425,-8.812426,-9.322426,-10.712425,-11.262425,-11.502425,-11.232426
-6.1124253,-6.6624255,-7.5324254,-7.2024255,-10.212425,-10.402426,-7.9324255,-5.7824254,-5.9724255,-7.0924253,-7.0324254,-7.4524255,-7.8824253,-7.9924254,-8.362426,-9.022426,-8.842425,-9.332425,-9.232426,-8.972425,-9.802425,-8.982426,-9.792425,-9.372425,-10.102426,-9.222425,-10.012425,-9.942426,-10.272426,-9.902426,-9.792425,-9.602426,-9.202426,-8.602426,-8.812426,-9.382425,-9.522426,-9.562426,-9.842425,-10.162426,-9.492426,-9.322426,-9.262425,-8.792425,-8.192426,-8.412426,-9.202426,-8.942426,-9.282426,-9.112426,-9.022426,-9.702426,-9.342425,-9.492426,-10.322426,-10.892426,-11.452426,-10.652426
-7.1724257,-7.4624257,-7.2624254,-6.3524256,-7.8324256,-7.9824257,-5.4824257,-6.3124256,-5.5924253,-6.3224254,-5.7824254,-6.6824255,-7.9424257,-7.2424254,-7.3324256,-7.9224257,-8.102426,-9.012425,-8.922425,-9.102426,-8.672425,-8.472425,-8.982426,-9.482426,-9.812426,-9.852426,-8.732426,-9.722425,-10.072426,-9.762425,-9.472425,-9.442426,-9.512425,-8.752425,-8.952426,-9.402426,-10.132425,-9.972425,-10.192426,-9.872425,-9.672425,-9.232426,-9.022426,-8.992426,-8.572426,-8.212425,-9.102426,-9.332425,-9.832425,-9.482426,-9.552425,-9.812426,-9.982426,-9.812426,-10.472425,-11.022426,-10.612426,-10.672425
-9.112426,-8.062426,-6.8824253,-7.9724255,-9.762425,-7.8224254,-4.3624253,-4.1324253,-5.6424255,-5.1624255,-6.7124257,-5.7724257,-6.2424254,-6.9324255,-6.5424256,-7.2424254,-8.272426,-8.252425,-8.952426,-7.8524256,-7.6824255,-8.582425,-9.322426,-8.172425,-8.422425,-8.222425,-8.012425,-8.822426,-9.312426,-10.002425,-9.272426,-9.312426,-9.542425,-9.162426,-9.222425,-9.422425,-9.262425,-9.072426,-9.152426,-9.402426,-9.112426,-9.012425,-8.522426,-8.112426,-8.262425,-9.132425,-9.1824255,-9.352426,-9.422425,-9.172425,-9.492426,-9.782426,-9.502425,-9.742426,-10.262425,-10.262425,-10.492426,-10.462425
-9.732426,-8.202426,-6.6024256,-3.9824255,0.55757445,-6.0224257,-3.2124255,-3.1624255,-3.2824256,-4.5824256,-5.3924255,-4.6124253,-6.0124254,-5.3824253,-6.0824256,-6.8824253,-7.7524257,-8.422425,-7.5624256,-7.5624256,-8.192426,-8.792425,-8.692426,-8.052425,-8.372425,-8.092425,-7.5024257,-8.122425,-8.822426,-8.9324255,-8.642426,-9.262425,-9.172425,-9.322426,-9.342425,-8.942426,-8.792425,-8.722425,-8.962425,-9.642426,-8.652426,-8.742426,-8.162426,-7.8524256,-7.4124255,-7.8024254,-8.592425,-9.482426,-9.162426,-8.862426,-8.222425,-9.102426,-8.982426,-9.352426,-9.862426,-9.422425,-9.532426,-10.092425
-4.3124256,-10.122425,-7.3124256,-5.1624255,-0.8524255,0.54757446,-1.6424255,-2.1324255,-2.0624256,-2.8224256,-5.4524255,-3.3524256,-3.9324255,-4.6124253,-5.152426,-6.0124254,-6.402426,-6.8924255,-6.402426,-6.3024254,-7.7524257,-7.7124257,-7.5724254,-6.4924254,-7.6224256,-7.9924254,-8.502425,-7.5424256,-7.0224257,-7.9424257,-7.6224256,-8.132425,-8.942426,-8.802425,-8.702426,-8.612426,-8.722425,-8.712425,-8.412426,-9.202426,-8.122425,-7.7724257,-8.352426,-8.062426,-7.3724256,-7.3124256,-7.7524257,-8.442426,-8.382425,-8.522426,-8.022426,-7.7124257,-8.4324255,-8.672425,-8.972425,-8.842425,-8.9324255,-9.412426
-1.7224256,-1.3824255,-7.3224254,-6.7024255,-4.3024254,-1.7524256,-0.39242554,-5.0424256,-4.5624256,-2.9624255,-3.7624254,-2.6624255,-2.5624256,-3.1724255,-3.9624255,-4.1724257,-4.3224254,-5.6424255,-6.1924257,-5.7024255,-5.902426,-6.5724254,-6.3224254,-6.0224257,-6.9624257,-5.8324256,-6.0424256,-6.8924255,-6.6724257,-6.4224257,-8.022426,-7.1124253,-8.702426,-8.982426,-8.772426,-8.782426,-8.502425,-8.242426,-8.452426,-8.092425,-8.812426,-8.412426,-8.112426,-7.9224257,-7.8124256,-7.2524257,-7.5224257,-7.5824256,-6.9124255,-7.2224255,-7.1224256,-6.7724257,-7.2824254,-7.9724255,-7.9824257,-7.5724254,-7.6824255,-8.312426
-1.1824255,-0.93242556,-0.39242554,-3.9824255,-5.0324254,-5.0024257,-2.7224255,-5.8224254,-6.2824254,-4.6824255,-3.7324255,-2.8024256,-1.8524256,-2.0524256,-2.4124255,-3.0824256,-2.7424254,-3.5624256,-4.6224256,-4.6824255,-4.3724256,-4.6324253,-5.6424255,-5.2424254,-5.0124254,-5.1324253,-4.8324256,-5.8124256,-5.7524257,-6.1624255,-6.5924253,-7.652426,-8.322426,-8.822426,-8.232426,-8.862426,-9.222425,-8.982426,-9.142426,-9.482426,-9.362426,-8.722425,-8.422425,-7.6924257,-7.6724257,-7.7024255,-6.6724257,-6.4124255,-6.402426,-6.1324253,-6.0024257,-5.6124253,-6.7424254,-6.3024254,-6.3224254,-6.5524254,-6.5124254,-5.7624254
